15.577,15.577,15.577,15.577,15.577,15.577,15.577,15.577,15.577,15.577,15.577,15.577,15.577,15.577,15.577,15.577,15.577,15.577,15.577,15.577
13.52,13.52,13.52,13.52,13.52,13.52,13.52,13.52,13.52,13.52,13.52,13.52,13.52,13.52,13.52,13.52,13.52,13.52,13.52,13.52
10.939,10.939,10.939,10.939,10.939,10.939,10.939,10.939,10.939,10.939,10.939,10.939,10.939,10.939,10.939,10.939,10.939,10.939,10.939,10.939
14.481,14.481,14.481,14.481,14.481,14.481,14.481,14.481,14.481,14.481,14.481,14.481,14.481,14.481,14.481,14.481,14.481,14.481,14.481,14.481
15.787,15.787,15.787,15.787,15.787,15.787,15.787,15.787,15.787,15.787,15.787,15.787,15.787,15.787,15.787,15.787,15.787,15.787,15.787,15.787
11.973,11.973,11.973,11.973,11.973,11.973,11.973,11.973,11.973,11.973,11.973,11.973,11.973,11.973,11.973,11.973,11.973,11.973,11.973,11.973
15.405,15.405,15.405,15.405,15.405,15.405,15.405,15.405,15.405,15.405,15.405,15.405,15.405,15.405,15.405,15.405,15.405,15.405,15.405,15.405
15.48,15.48,15.48,15.48,15.48,15.48,15.48,15.48,15.48,15.48,15.48,15.48,15.48,15.48,15.48,15.48,15.48,15.48,15.48,15.48
15.132,15.132,15.132,15.132,15.132,15.132,15.132,15.132,15.132,15.132,15.132,15.132,15.132,15.132,15.132,15.132,15.132,15.132,15.132,15.132
14.051,14.051,14.051,14.051,14.051,14.051,14.051,14.051,14.051,14.051,14.051,14.051,14.051,14.051,14.051,14.051,14.051,14.051,14.051,14.051
15.484,15.484,15.484,15.484,15.484,15.484,15.484,15.484,15.484,15.484,15.484,15.484,15.484,15.484,15.484,15.484,15.484,15.484,15.484,15.484
13.078,13.078,13.078,13.078,13.078,13.078,13.078,13.078,13.078,13.078,13.078,13.078,13.078,13.078,13.078,13.078,13.078,13.078,13.078,13.078
12.387,12.387,12.387,12.387,12.387,12.387,12.387,12.387,12.387,12.387,12.387,12.387,12.387,12.387,12.387,12.387,12.387,12.387,12.387,12.387
12.459,12.459,12.459,12.459,12.459,12.459,12.459,12.459,12.459,12.459,12.459,12.459,12.459,12.459,12.459,12.459,12.459,12.459,12.459,12.459
11.552,11.552,11.552,11.552,11.552,11.552,11.552,11.552,11.552,11.552,11.552,11.552,11.552,11.552,11.552,11.552,11.552,11.552,11.552,11.552
11.442,11.442,11.442,11.442,11.442,11.442,11.442,11.442,11.442,11.442,11.442,11.442,11.442,11.442,11.442,11.442,11.442,11.442,11.442,11.442
9.8929,9.8929,9.8929,9.8929,9.8929,9.8929,9.8929,9.8929,9.8929,9.8929,9.8929,9.8929,9.8929,9.8929,9.8929,9.8929,9.8929,9.8929,9.8929,9.8929
13.662,13.662,13.662,13.662,13.662,13.662,13.662,13.662,13.662,13.662,13.662,13.662,13.662,13.662,13.662,13.662,13.662,13.662,13.662,13.662
13.656,13.656,13.656,13.656,13.656,13.656,13.656,13.656,13.656,13.656,13.656,13.656,13.656,13.656,13.656,13.656,13.656,13.656,13.656,13.656
15.787,15.787,15.787,15.787,15.787,15.787,15.787,15.787,15.787,15.787,15.787,15.787,15.787,15.787,15.787,15.787,15.787,15.787,15.787,15.787
13.462,13.462,13.462,13.462,13.462,13.462,13.462,13.462,13.462,13.462,13.462,13.462,13.462,13.462,13.462,13.462,13.462,13.462,13.462,13.462
14.935,14.935,14.935,14.935,14.935,14.935,14.935,14.935,14.935,14.935,14.935,14.935,14.935,14.935,14.935,14.935,14.935,14.935,14.935,14.935
14.222,14.222,14.222,14.222,14.222,14.222,14.222,14.222,14.222,14.222,14.222,14.222,14.222,14.222,14.222,14.222,14.222,14.222,14.222,14.222
12.283,12.283,12.283,12.283,12.283,12.283,12.283,12.283,12.283,12.283,12.283,12.283,12.283,12.283,12.283,12.283,12.283,12.283,12.283,12.283
12.272,12.272,12.272,12.272,12.272,12.272,12.272,12.272,12.272,12.272,12.272,12.272,12.272,12.272,12.272,12.272,12.272,12.272,12.272,12.272
13.821,13.821,13.821,13.821,13.821,13.821,13.821,13.821,13.821,13.821,13.821,13.821,13.821,13.821,13.821,13.821,13.821,13.821,13.821,13.821
14.901,14.901,14.901,14.901,14.901,14.901,14.901,14.901,14.901,14.901,14.901,14.901,14.901,14.901,14.901,14.901,14.901,14.901,14.901,14.901
15.481,15.481,15.481,15.481,15.481,15.481,15.481,15.481,15.481,15.481,15.481,15.481,15.481,15.481,15.481,15.481,15.481,15.481,15.481,15.481
12.829,12.829,12.829,12.829,12.829,12.829,12.829,12.829,12.829,12.829,12.829,12.829,12.829,12.829,12.829,12.829,12.829,12.829,12.829,12.829
13.05,13.05,13.05,13.05,13.05,13.05,13.05,13.05,13.05,13.05,13.05,13.05,13.05,13.05,13.05,13.05,13.05,13.05,13.05,13.05
12.863,12.863,12.863,12.863,12.863,12.863,12.863,12.863,12.863,12.863,12.863,12.863,12.863,12.863,12.863,12.863,12.863,12.863,12.863,12.863
14.749,14.749,14.749,14.749,14.749,14.749,14.749,14.749,14.749,14.749,14.749,14.749,14.749,14.749,14.749,14.749,14.749,14.749,14.749,14.749
12.741,12.741,12.741,12.741,12.741,12.741,12.741,12.741,12.741,12.741,12.741,12.741,12.741,12.741,12.741,12.741,12.741,12.741,12.741,12.741
12.412,12.412,12.412,12.412,12.412,12.412,12.412,12.412,12.412,12.412,12.412,12.412,12.412,12.412,12.412,12.412,12.412,12.412,12.412,12.412
13.56,13.56,13.56,13.56,13.56,13.56,13.56,13.56,13.56,13.56,13.56,13.56,13.56,13.56,13.56,13.56,13.56,13.56,13.56,13.56
13.913,13.913,13.913,13.913,13.913,13.913,13.913,13.913,13.913,13.913,13.913,13.913,13.913,13.913,13.913,13.913,13.913,13.913,13.913,13.913
14.458,14.458,14.458,14.458,14.458,14.458,14.458,14.458,14.458,14.458,14.458,14.458,14.458,14.458,14.458,14.458,14.458,14.458,14.458,14.458
14.747,14.747,14.747,14.747,14.747,14.747,14.747,14.747,14.747,14.747,14.747,14.747,14.747,14.747,14.747,14.747,14.747,14.747,14.747,14.747
12.589,12.589,12.589,12.589,12.589,12.589,12.589,12.589,12.589,12.589,12.589,12.589,12.589,12.589,12.589,12.589,12.589,12.589,12.589,12.589
14.258,14.258,14.258,14.258,14.258,14.258,14.258,14.258,14.258,14.258,14.258,14.258,14.258,14.258,14.258,14.258,14.258,14.258,14.258,14.258
14.534,14.534,14.534,14.534,14.534,14.534,14.534,14.534,14.534,14.534,14.534,14.534,14.534,14.534,14.534,14.534,14.534,14.534,14.534,14.534
11.843,11.843,11.843,11.843,11.843,11.843,11.843,11.843,11.843,11.843,11.843,11.843,11.843,11.843,11.843,11.843,11.843,11.843,11.843,11.843
15.247,15.247,15.247,15.247,15.247,15.247,15.247,15.247,15.247,15.247,15.247,15.247,15.247,15.247,15.247,15.247,15.247,15.247,15.247,15.247
14.864,14.864,14.864,14.864,14.864,14.864,14.864,14.864,14.864,14.864,14.864,14.864,14.864,14.864,14.864,14.864,14.864,14.864,14.864,14.864
14.2,14.2,14.2,14.2,14.2,14.2,14.2,14.2,14.2,14.2,14.2,14.2,14.2,14.2,14.2,14.2,14.2,14.2,14.2,14.2
15.787,15.787,15.787,15.787,15.787,15.787,15.787,15.787,15.787,15.787,15.787,15.787,15.787,15.787,15.787,15.787,15.787,15.787,15.787,15.787
12.124,12.124,12.124,12.124,12.124,12.124,12.124,12.124,12.124,12.124,12.124,12.124,12.124,12.124,12.124,12.124,12.124,12.124,12.124,12.124
14.036,14.036,14.036,14.036,14.036,14.036,14.036,14.036,14.036,14.036,14.036,14.036,14.036,14.036,14.036,14.036,14.036,14.036,14.036,14.036
12.195,12.195,12.195,12.195,12.195,12.195,12.195,12.195,12.195,12.195,12.195,12.195,12.195,12.195,12.195,12.195,12.195,12.195,12.195,12.195
14.975,14.975,14.975,14.975,14.975,14.975,14.975,14.975,14.975,14.975,14.975,14.975,14.975,14.975,14.975,14.975,14.975,14.975,14.975,14.975
15.366,15.366,15.366,15.366,15.366,15.366,15.366,15.366,15.366,15.366,15.366,15.366,15.366,15.366,15.366,15.366,15.366,15.366,15.366,15.366
15.018,15.018,15.018,15.018,15.018,15.018,15.018,15.018,15.018,15.018,15.018,15.018,15.018,15.018,15.018,15.018,15.018,15.018,15.018,15.018
13.655,13.655,13.655,13.655,13.655,13.655,13.655,13.655,13.655,13.655,13.655,13.655,13.655,13.655,13.655,13.655,13.655,13.655,13.655,13.655
13.506,13.506,13.506,13.506,13.506,13.506,13.506,13.506,13.506,13.506,13.506,13.506,13.506,13.506,13.506,13.506,13.506,13.506,13.506,13.506
15.787,15.787,15.787,15.787,15.787,15.787,15.787,15.787,15.787,15.787,15.787,15.787,15.787,15.787,15.787,15.787,15.787,15.787,15.787,15.787
12.928,12.928,12.928,12.928,12.928,12.928,12.928,12.928,12.928,12.928,12.928,12.928,12.928,12.928,12.928,12.928,12.928,12.928,12.928,12.928
9.7629,9.7629,9.7629,9.7629,9.7629,9.7629,9.7629,9.7629,9.7629,9.7629,9.7629,9.7629,9.7629,9.7629,9.7629,9.7629,9.7629,9.7629,9.7629,9.7629
15.185,15.185,15.185,15.185,15.185,15.185,15.185,15.185,15.185,15.185,15.185,15.185,15.185,15.185,15.185,15.185,15.185,15.185,15.185,15.185
15.375,15.375,15.375,15.375,15.375,15.375,15.375,15.375,15.375,15.375,15.375,15.375,15.375,15.375,15.375,15.375,15.375,15.375,15.375,15.375
15.484,15.484,15.484,15.484,15.484,15.484,15.484,15.484,15.484,15.484,15.484,15.484,15.484,15.484,15.484,15.484,15.484,15.484,15.484,15.484
11.85,11.85,11.85,11.85,11.85,11.85,11.85,11.85,11.85,11.85,11.85,11.85,11.85,11.85,11.85,11.85,11.85,11.85,11.85,11.85
14.491,14.491,14.491,14.491,14.491,14.491,14.491,14.491,14.491,14.491,14.491,14.491,14.491,14.491,14.491,14.491,14.491,14.491,14.491,14.491
13.12,13.12,13.12,13.12,13.12,13.12,13.12,13.12,13.12,13.12,13.12,13.12,13.12,13.12,13.12,13.12,13.12,13.12,13.12,13.12
14.018,14.018,14.018,14.018,14.018,14.018,14.018,14.018,14.018,14.018,14.018,14.018,14.018,14.018,14.018,14.018,14.018,14.018,14.018,14.018
13.027,13.027,13.027,13.027,13.027,13.027,13.027,13.027,13.027,13.027,13.027,13.027,13.027,13.027,13.027,13.027,13.027,13.027,13.027,13.027
12.891,12.891,12.891,12.891,12.891,12.891,12.891,12.891,12.891,12.891,12.891,12.891,12.891,12.891,12.891,12.891,12.891,12.891,12.891,12.891
15.217,15.217,15.217,15.217,15.217,15.217,15.217,15.217,15.217,15.217,15.217,15.217,15.217,15.217,15.217,15.217,15.217,15.217,15.217,15.217
13.239,13.239,13.239,13.239,13.239,13.239,13.239,13.239,13.239,13.239,13.239,13.239,13.239,13.239,13.239,13.239,13.239,13.239,13.239,13.239
14.653,14.653,14.653,14.653,14.653,14.653,14.653,14.653,14.653,14.653,14.653,14.653,14.653,14.653,14.653,14.653,14.653,14.653,14.653,14.653
15.302,15.302,15.302,15.302,15.302,15.302,15.302,15.302,15.302,15.302,15.302,15.302,15.302,15.302,15.302,15.302,15.302,15.302,15.302,15.302
13.039,13.039,13.039,13.039,13.039,13.039,13.039,13.039,13.039,13.039,13.039,13.039,13.039,13.039,13.039,13.039,13.039,13.039,13.039,13.039
14.521,14.521,14.521,14.521,14.521,14.521,14.521,14.521,14.521,14.521,14.521,14.521,14.521,14.521,14.521,14.521,14.521,14.521,14.521,14.521
15.271,15.271,15.271,15.271,15.271,15.271,15.271,15.271,15.271,15.271,15.271,15.271,15.271,15.271,15.271,15.271,15.271,15.271,15.271,15.271
15.787,15.787,15.787,15.787,15.787,15.787,15.787,15.787,15.787,15.787,15.787,15.787,15.787,15.787,15.787,15.787,15.787,15.787,15.787,15.787
13.944,13.944,13.944,13.944,13.944,13.944,13.944,13.944,13.944,13.944,13.944,13.944,13.944,13.944,13.944,13.944,13.944,13.944,13.944,13.944
12.405,12.405,12.405,12.405,12.405,12.405,12.405,12.405,12.405,12.405,12.405,12.405,12.405,12.405,12.405,12.405,12.405,12.405,12.405,12.405
15.787,15.787,15.787,15.787,15.787,15.787,15.787,15.787,15.787,15.787,15.787,15.787,15.787,15.787,15.787,15.787,15.787,15.787,15.787,15.787
9.0712,9.0712,9.0712,9.0712,9.0712,9.0712,9.0712,9.0712,9.0712,9.0712,9.0712,9.0712,9.0712,9.0712,9.0712,9.0712,9.0712,9.0712,9.0712,9.0712
15.787,15.787,15.787,15.787,15.787,15.787,15.787,15.787,15.787,15.787,15.787,15.787,15.787,15.787,15.787,15.787,15.787,15.787,15.787,15.787
9.2648,9.2648,9.2648,9.2648,9.2648,9.2648,9.2648,9.2648,9.2648,9.2648,9.2648,9.2648,9.2648,9.2648,9.2648,9.2648,9.2648,9.2648,9.2648,9.2648
10.601,10.601,10.601,10.601,10.601,10.601,10.601,10.601,10.601,10.601,10.601,10.601,10.601,10.601,10.601,10.601,10.601,10.601,10.601,10.601
14.721,14.721,14.721,14.721,14.721,14.721,14.721,14.721,14.721,14.721,14.721,14.721,14.721,14.721,14.721,14.721,14.721,14.721,14.721,14.721
11.235,11.235,11.235,11.235,11.235,11.235,11.235,11.235,11.235,11.235,11.235,11.235,11.235,11.235,11.235,11.235,11.235,11.235,11.235,11.235
15.068,15.068,15.068,15.068,15.068,15.068,15.068,15.068,15.068,15.068,15.068,15.068,15.068,15.068,15.068,15.068,15.068,15.068,15.068,15.068
15.787,15.787,15.787,15.787,15.787,15.787,15.787,15.787,15.787,15.787,15.787,15.787,15.787,15.787,15.787,15.787,15.787,15.787,15.787,15.787
10.383,10.383,10.383,10.383,10.383,10.383,10.383,10.383,10.383,10.383,10.383,10.383,10.383,10.383,10.383,10.383,10.383,10.383,10.383,10.383
15.143,15.143,15.143,15.143,15.143,15.143,15.143,15.143,15.143,15.143,15.143,15.143,15.143,15.143,15.143,15.143,15.143,15.143,15.143,15.143
14.441,14.441,14.441,14.441,14.441,14.441,14.441,14.441,14.441,14.441,14.441,14.441,14.441,14.441,14.441,14.441,14.441,14.441,14.441,14.441
12.06,12.06,12.06,12.06,12.06,12.06,12.06,12.06,12.06,12.06,12.06,12.06,12.06,12.06,12.06,12.06,12.06,12.06,12.06,12.06
15.658,15.658,15.658,15.658,15.658,15.658,15.658,15.658,15.658,15.658,15.658,15.658,15.658,15.658,15.658,15.658,15.658,15.658,15.658,15.658
14.759,14.759,14.759,14.759,14.759,14.759,14.759,14.759,14.759,14.759,14.759,14.759,14.759,14.759,14.759,14.759,14.759,14.759,14.759,14.759
15.787,15.787,15.787,15.787,15.787,15.787,15.787,15.787,15.787,15.787,15.787,15.787,15.787,15.787,15.787,15.787,15.787,15.787,15.787,15.787
12.993,12.993,12.993,12.993,12.993,12.993,12.993,12.993,12.993,12.993,12.993,12.993,12.993,12.993,12.993,12.993,12.993,12.993,12.993,12.993
10.475,10.475,10.475,10.475,10.475,10.475,10.475,10.475,10.475,10.475,10.475,10.475,10.475,10.475,10.475,10.475,10.475,10.475,10.475,10.475
14.517,14.517,14.517,14.517,14.517,14.517,14.517,14.517,14.517,14.517,14.517,14.517,14.517,14.517,14.517,14.517,14.517,14.517,14.517,14.517
7.3965,7.3965,7.3965,7.3965,7.3965,7.3965,7.3965,7.3965,7.3965,7.3965,7.3965,7.3965,7.3965,7.3965,7.3965,7.3965,7.3965,7.3965,7.3965,7.3965
14.596,14.596,14.596,14.596,14.596,14.596,14.596,14.596,14.596,14.596,14.596,14.596,14.596,14.596,14.596,14.596,14.596,14.596,14.596,14.596
11.42,11.42,11.42,11.42,11.42,11.42,11.42,11.42,11.42,11.42,11.42,11.42,11.42,11.42,11.42,11.42,11.42,11.42,11.42,11.42
13.716,13.716,13.716,13.716,13.716,13.716,13.716,13.716,13.716,13.716,13.716,13.716,13.716,13.716,13.716,13.716,13.716,13.716,13.716,13.716
10.896,10.896,10.896,10.896,10.896,10.896,10.896,10.896,10.896,10.896,10.896,10.896,10.896,10.896,10.896,10.896,10.896,10.896,10.896,10.896
14.308,14.308,14.308,14.308,14.308,14.308,14.308,14.308,14.308,14.308,14.308,14.308,14.308,14.308,14.308,14.308,14.308,14.308,14.308,14.308
15.787,15.787,15.787,15.787,15.787,15.787,15.787,15.787,15.787,15.787,15.787,15.787,15.787,15.787,15.787,15.787,15.787,15.787,15.787,15.787
14.524,14.524,14.524,14.524,14.524,14.524,14.524,14.524,14.524,14.524,14.524,14.524,14.524,14.524,14.524,14.524,14.524,14.524,14.524,14.524
13.301,13.301,13.301,13.301,13.301,13.301,13.301,13.301,13.301,13.301,13.301,13.301,13.301,13.301,13.301,13.301,13.301,13.301,13.301,13.301
9.8207,9.8207,9.8207,9.8207,9.8207,9.8207,9.8207,9.8207,9.8207,9.8207,9.8207,9.8207,9.8207,9.8207,9.8207,9.8207,9.8207,9.8207,9.8207,9.8207
10.912,10.912,10.912,10.912,10.912,10.912,10.912,10.912,10.912,10.912,10.912,10.912,10.912,10.912,10.912,10.912,10.912,10.912,10.912,10.912
15.787,15.787,15.787,15.787,15.787,15.787,15.787,15.787,15.787,15.787,15.787,15.787,15.787,15.787,15.787,15.787,15.787,15.787,15.787,15.787
15.787,15.787,15.787,15.787,15.787,15.787,15.787,15.787,15.787,15.787,15.787,15.787,15.787,15.787,15.787,15.787,15.787,15.787,15.787,15.787
12.422,12.422,12.422,12.422,12.422,12.422,12.422,12.422,12.422,12.422,12.422,12.422,12.422,12.422,12.422,12.422,12.422,12.422,12.422,12.422
14.126,14.126,14.126,14.126,14.126,14.126,14.126,14.126,14.126,14.126,14.126,14.126,14.126,14.126,14.126,14.126,14.126,14.126,14.126,14.126
13.047,13.047,13.047,13.047,13.047,13.047,13.047,13.047,13.047,13.047,13.047,13.047,13.047,13.047,13.047,13.047,13.047,13.047,13.047,13.047
14.388,14.388,14.388,14.388,14.388,14.388,14.388,14.388,14.388,14.388,14.388,14.388,14.388,14.388,14.388,14.388,14.388,14.388,14.388,14.388
15.02,15.02,15.02,15.02,15.02,15.02,15.02,15.02,15.02,15.02,15.02,15.02,15.02,15.02,15.02,15.02,15.02,15.02,15.02,15.02
14.722,14.722,14.722,14.722,14.722,14.722,14.722,14.722,14.722,14.722,14.722,14.722,14.722,14.722,14.722,14.722,14.722,14.722,14.722,14.722
15.06,15.06,15.06,15.06,15.06,15.06,15.06,15.06,15.06,15.06,15.06,15.06,15.06,15.06,15.06,15.06,15.06,15.06,15.06,15.06
14.25,14.25,14.25,14.25,14.25,14.25,14.25,14.25,14.25,14.25,14.25,14.25,14.25,14.25,14.25,14.25,14.25,14.25,14.25,14.25
13.766,13.766,13.766,13.766,13.766,13.766,13.766,13.766,13.766,13.766,13.766,13.766,13.766,13.766,13.766,13.766,13.766,13.766,13.766,13.766
11.509,11.509,11.509,11.509,11.509,11.509,11.509,11.509,11.509,11.509,11.509,11.509,11.509,11.509,11.509,11.509,11.509,11.509,11.509,11.509
14.606,14.606,14.606,14.606,14.606,14.606,14.606,14.606,14.606,14.606,14.606,14.606,14.606,14.606,14.606,14.606,14.606,14.606,14.606,14.606
13.901,13.901,13.901,13.901,13.901,13.901,13.901,13.901,13.901,13.901,13.901,13.901,13.901,13.901,13.901,13.901,13.901,13.901,13.901,13.901
14.613,14.613,14.613,14.613,14.613,14.613,14.613,14.613,14.613,14.613,14.613,14.613,14.613,14.613,14.613,14.613,14.613,14.613,14.613,14.613
15.396,15.396,15.396,15.396,15.396,15.396,15.396,15.396,15.396,15.396,15.396,15.396,15.396,15.396,15.396,15.396,15.396,15.396,15.396,15.396
15.787,15.787,15.787,15.787,15.787,15.787,15.787,15.787,15.787,15.787,15.787,15.787,15.787,15.787,15.787,15.787,15.787,15.787,15.787,15.787
15.765,15.765,15.765,15.765,15.765,15.765,15.765,15.765,15.765,15.765,15.765,15.765,15.765,15.765,15.765,15.765,15.765,15.765,15.765,15.765
13.067,13.067,13.067,13.067,13.067,13.067,13.067,13.067,13.067,13.067,13.067,13.067,13.067,13.067,13.067,13.067,13.067,13.067,13.067,13.067
13.338,13.338,13.338,13.338,13.338,13.338,13.338,13.338,13.338,13.338,13.338,13.338,13.338,13.338,13.338,13.338,13.338,13.338,13.338,13.338
10.906,10.906,10.906,10.906,10.906,10.906,10.906,10.906,10.906,10.906,10.906,10.906,10.906,10.906,10.906,10.906,10.906,10.906,10.906,10.906
15.787,15.787,15.787,15.787,15.787,15.787,15.787,15.787,15.787,15.787,15.787,15.787,15.787,15.787,15.787,15.787,15.787,15.787,15.787,15.787
14.435,14.435,14.435,14.435,14.435,14.435,14.435,14.435,14.435,14.435,14.435,14.435,14.435,14.435,14.435,14.435,14.435,14.435,14.435,14.435
13.276,13.276,13.276,13.276,13.276,13.276,13.276,13.276,13.276,13.276,13.276,13.276,13.276,13.276,13.276,13.276,13.276,13.276,13.276,13.276
15.787,15.787,15.787,15.787,15.787,15.787,15.787,15.787,15.787,15.787,15.787,15.787,15.787,15.787,15.787,15.787,15.787,15.787,15.787,15.787
11.119,11.119,11.119,11.119,11.119,11.119,11.119,11.119,11.119,11.119,11.119,11.119,11.119,11.119,11.119,11.119,11.119,11.119,11.119,11.119
12.833,12.833,12.833,12.833,12.833,12.833,12.833,12.833,12.833,12.833,12.833,12.833,12.833,12.833,12.833,12.833,12.833,12.833,12.833,12.833
15.128,15.128,15.128,15.128,15.128,15.128,15.128,15.128,15.128,15.128,15.128,15.128,15.128,15.128,15.128,15.128,15.128,15.128,15.128,15.128
13.161,13.161,13.161,13.161,13.161,13.161,13.161,13.161,13.161,13.161,13.161,13.161,13.161,13.161,13.161,13.161,13.161,13.161,13.161,13.161
15.032,15.032,15.032,15.032,15.032,15.032,15.032,15.032,15.032,15.032,15.032,15.032,15.032,15.032,15.032,15.032,15.032,15.032,15.032,15.032
12.127,12.127,12.127,12.127,12.127,12.127,12.127,12.127,12.127,12.127,12.127,12.127,12.127,12.127,12.127,12.127,12.127,12.127,12.127,12.127
13.993,13.993,13.993,13.993,13.993,13.993,13.993,13.993,13.993,13.993,13.993,13.993,13.993,13.993,13.993,13.993,13.993,13.993,13.993,13.993
14.621,14.621,14.621,14.621,14.621,14.621,14.621,14.621,14.621,14.621,14.621,14.621,14.621,14.621,14.621,14.621,14.621,14.621,14.621,14.621
15.587,15.587,15.587,15.587,15.587,15.587,15.587,15.587,15.587,15.587,15.587,15.587,15.587,15.587,15.587,15.587,15.587,15.587,15.587,15.587
14.138,14.138,14.138,14.138,14.138,14.138,14.138,14.138,14.138,14.138,14.138,14.138,14.138,14.138,14.138,14.138,14.138,14.138,14.138,14.138
15.159,15.159,15.159,15.159,15.159,15.159,15.159,15.159,15.159,15.159,15.159,15.159,15.159,15.159,15.159,15.159,15.159,15.159,15.159,15.159
13.668,13.668,13.668,13.668,13.668,13.668,13.668,13.668,13.668,13.668,13.668,13.668,13.668,13.668,13.668,13.668,13.668,13.668,13.668,13.668
8.9088,8.9088,8.9088,8.9088,8.9088,8.9088,8.9088,8.9088,8.9088,8.9088,8.9088,8.9088,8.9088,8.9088,8.9088,8.9088,8.9088,8.9088,8.9088,8.9088
15.465,15.465,15.465,15.465,15.465,15.465,15.465,15.465,15.465,15.465,15.465,15.465,15.465,15.465,15.465,15.465,15.465,15.465,15.465,15.465
14.246,14.246,14.246,14.246,14.246,14.246,14.246,14.246,14.246,14.246,14.246,14.246,14.246,14.246,14.246,14.246,14.246,14.246,14.246,14.246
11.114,11.114,11.114,11.114,11.114,11.114,11.114,11.114,11.114,11.114,11.114,11.114,11.114,11.114,11.114,11.114,11.114,11.114,11.114,11.114
15.787,15.787,15.787,15.787,15.787,15.787,15.787,15.787,15.787,15.787,15.787,15.787,15.787,15.787,15.787,15.787,15.787,15.787,15.787,15.787
13.81,13.81,13.81,13.81,13.81,13.81,13.81,13.81,13.81,13.81,13.81,13.81,13.81,13.81,13.81,13.81,13.81,13.81,13.81,13.81
8.4853,8.4853,8.4853,8.4853,8.4853,8.4853,8.4853,8.4853,8.4853,8.4853,8.4853,8.4853,8.4853,8.4853,8.4853,8.4853,8.4853,8.4853,8.4853,8.4853
15.447,15.447,15.447,15.447,15.447,15.447,15.447,15.447,15.447,15.447,15.447,15.447,15.447,15.447,15.447,15.447,15.447,15.447,15.447,15.447
13.108,13.108,13.108,13.108,13.108,13.108,13.108,13.108,13.108,13.108,13.108,13.108,13.108,13.108,13.108,13.108,13.108,13.108,13.108,13.108
15.787,15.787,15.787,15.787,15.787,15.787,15.787,15.787,15.787,15.787,15.787,15.787,15.787,15.787,15.787,15.787,15.787,15.787,15.787,15.787
15.278,15.278,15.278,15.278,15.278,15.278,15.278,15.278,15.278,15.278,15.278,15.278,15.278,15.278,15.278,15.278,15.278,15.278,15.278,15.278
15.787,15.787,15.787,15.787,15.787,15.787,15.787,15.787,15.787,15.787,15.787,15.787,15.787,15.787,15.787,15.787,15.787,15.787,15.787,15.787
13.69,13.69,13.69,13.69,13.69,13.69,13.69,13.69,13.69,13.69,13.69,13.69,13.69,13.69,13.69,13.69,13.69,13.69,13.69,13.69
13.524,13.524,13.524,13.524,13.524,13.524,13.524,13.524,13.524,13.524,13.524,13.524,13.524,13.524,13.524,13.524,13.524,13.524,13.524,13.524
13.991,13.991,13.991,13.991,13.991,13.991,13.991,13.991,13.991,13.991,13.991,13.991,13.991,13.991,13.991,13.991,13.991,13.991,13.991,13.991
12.988,12.988,12.988,12.988,12.988,12.988,12.988,12.988,12.988,12.988,12.988,12.988,12.988,12.988,12.988,12.988,12.988,12.988,12.988,12.988
11.236,11.236,11.236,11.236,11.236,11.236,11.236,11.236,11.236,11.236,11.236,11.236,11.236,11.236,11.236,11.236,11.236,11.236,11.236,11.236
13.918,13.918,13.918,13.918,13.918,13.918,13.918,13.918,13.918,13.918,13.918,13.918,13.918,13.918,13.918,13.918,13.918,13.918,13.918,13.918
13,13,13,13,13,13,13,13,13,13,13,13,13,13,13,13,13,13,13,13
14.232,14.232,14.232,14.232,14.232,14.232,14.232,14.232,14.232,14.232,14.232,14.232,14.232,14.232,14.232,14.232,14.232,14.232,14.232,14.232
14.473,14.473,14.473,14.473,14.473,14.473,14.473,14.473,14.473,14.473,14.473,14.473,14.473,14.473,14.473,14.473,14.473,14.473,14.473,14.473
14.34,14.34,14.34,14.34,14.34,14.34,14.34,14.34,14.34,14.34,14.34,14.34,14.34,14.34,14.34,14.34,14.34,14.34,14.34,14.34
14.863,14.863,14.863,14.863,14.863,14.863,14.863,14.863,14.863,14.863,14.863,14.863,14.863,14.863,14.863,14.863,14.863,14.863,14.863,14.863
11.987,11.987,11.987,11.987,11.987,11.987,11.987,11.987,11.987,11.987,11.987,11.987,11.987,11.987,11.987,11.987,11.987,11.987,11.987,11.987
15.697,15.697,15.697,15.697,15.697,15.697,15.697,15.697,15.697,15.697,15.697,15.697,15.697,15.697,15.697,15.697,15.697,15.697,15.697,15.697
15.089,15.089,15.089,15.089,15.089,15.089,15.089,15.089,15.089,15.089,15.089,15.089,15.089,15.089,15.089,15.089,15.089,15.089,15.089,15.089
15.787,15.787,15.787,15.787,15.787,15.787,15.787,15.787,15.787,15.787,15.787,15.787,15.787,15.787,15.787,15.787,15.787,15.787,15.787,15.787
9.8263,9.8263,9.8263,9.8263,9.8263,9.8263,9.8263,9.8263,9.8263,9.8263,9.8263,9.8263,9.8263,9.8263,9.8263,9.8263,9.8263,9.8263,9.8263,9.8263
13.592,13.592,13.592,13.592,13.592,13.592,13.592,13.592,13.592,13.592,13.592,13.592,13.592,13.592,13.592,13.592,13.592,13.592,13.592,13.592
14.213,14.213,14.213,14.213,14.213,14.213,14.213,14.213,14.213,14.213,14.213,14.213,14.213,14.213,14.213,14.213,14.213,14.213,14.213,14.213
15.761,15.761,15.761,15.761,15.761,15.761,15.761,15.761,15.761,15.761,15.761,15.761,15.761,15.761,15.761,15.761,15.761,15.761,15.761,15.761
15.589,15.589,15.589,15.589,15.589,15.589,15.589,15.589,15.589,15.589,15.589,15.589,15.589,15.589,15.589,15.589,15.589,15.589,15.589,15.589
15.787,15.787,15.787,15.787,15.787,15.787,15.787,15.787,15.787,15.787,15.787,15.787,15.787,15.787,15.787,15.787,15.787,15.787,15.787,15.787
13.22,13.22,13.22,13.22,13.22,13.22,13.22,13.22,13.22,13.22,13.22,13.22,13.22,13.22,13.22,13.22,13.22,13.22,13.22,13.22
12.703,12.703,12.703,12.703,12.703,12.703,12.703,12.703,12.703,12.703,12.703,12.703,12.703,12.703,12.703,12.703,12.703,12.703,12.703,12.703
15.208,15.208,15.208,15.208,15.208,15.208,15.208,15.208,15.208,15.208,15.208,15.208,15.208,15.208,15.208,15.208,15.208,15.208,15.208,15.208
15.787,15.787,15.787,15.787,15.787,15.787,15.787,15.787,15.787,15.787,15.787,15.787,15.787,15.787,15.787,15.787,15.787,15.787,15.787,15.787
15.519,15.519,15.519,15.519,15.519,15.519,15.519,15.519,15.519,15.519,15.519,15.519,15.519,15.519,15.519,15.519,15.519,15.519,15.519,15.519
15.787,15.787,15.787,15.787,15.787,15.787,15.787,15.787,15.787,15.787,15.787,15.787,15.787,15.787,15.787,15.787,15.787,15.787,15.787,15.787
12.386,12.386,12.386,12.386,12.386,12.386,12.386,12.386,12.386,12.386,12.386,12.386,12.386,12.386,12.386,12.386,12.386,12.386,12.386,12.386
10.871,10.871,10.871,10.871,10.871,10.871,10.871,10.871,10.871,10.871,10.871,10.871,10.871,10.871,10.871,10.871,10.871,10.871,10.871,10.871
15.678,15.678,15.678,15.678,15.678,15.678,15.678,15.678,15.678,15.678,15.678,15.678,15.678,15.678,15.678,15.678,15.678,15.678,15.678,15.678
13.996,13.996,13.996,13.996,13.996,13.996,13.996,13.996,13.996,13.996,13.996,13.996,13.996,13.996,13.996,13.996,13.996,13.996,13.996,13.996
14.718,14.718,14.718,14.718,14.718,14.718,14.718,14.718,14.718,14.718,14.718,14.718,14.718,14.718,14.718,14.718,14.718,14.718,14.718,14.718
11.732,11.732,11.732,11.732,11.732,11.732,11.732,11.732,11.732,11.732,11.732,11.732,11.732,11.732,11.732,11.732,11.732,11.732,11.732,11.732
12.802,12.802,12.802,12.802,12.802,12.802,12.802,12.802,12.802,12.802,12.802,12.802,12.802,12.802,12.802,12.802,12.802,12.802,12.802,12.802
13.326,13.326,13.326,13.326,13.326,13.326,13.326,13.326,13.326,13.326,13.326,13.326,13.326,13.326,13.326,13.326,13.326,13.326,13.326,13.326
14.599,14.599,14.599,14.599,14.599,14.599,14.599,14.599,14.599,14.599,14.599,14.599,14.599,14.599,14.599,14.599,14.599,14.599,14.599,14.599
10.425,10.425,10.425,10.425,10.425,10.425,10.425,10.425,10.425,10.425,10.425,10.425,10.425,10.425,10.425,10.425,10.425,10.425,10.425,10.425
12.712,12.712,12.712,12.712,12.712,12.712,12.712,12.712,12.712,12.712,12.712,12.712,12.712,12.712,12.712,12.712,12.712,12.712,12.712,12.712
12.717,12.717,12.717,12.717,12.717,12.717,12.717,12.717,12.717,12.717,12.717,12.717,12.717,12.717,12.717,12.717,12.717,12.717,12.717,12.717
13.203,13.203,13.203,13.203,13.203,13.203,13.203,13.203,13.203,13.203,13.203,13.203,13.203,13.203,13.203,13.203,13.203,13.203,13.203,13.203
15.1,15.1,15.1,15.1,15.1,15.1,15.1,15.1,15.1,15.1,15.1,15.1,15.1,15.1,15.1,15.1,15.1,15.1,15.1,15.1
14.111,14.111,14.111,14.111,14.111,14.111,14.111,14.111,14.111,14.111,14.111,14.111,14.111,14.111,14.111,14.111,14.111,14.111,14.111,14.111
13.892,13.892,13.892,13.892,13.892,13.892,13.892,13.892,13.892,13.892,13.892,13.892,13.892,13.892,13.892,13.892,13.892,13.892,13.892,13.892
13.463,13.463,13.463,13.463,13.463,13.463,13.463,13.463,13.463,13.463,13.463,13.463,13.463,13.463,13.463,13.463,13.463,13.463,13.463,13.463
14.069,14.069,14.069,14.069,14.069,14.069,14.069,14.069,14.069,14.069,14.069,14.069,14.069,14.069,14.069,14.069,14.069,14.069,14.069,14.069
13.772,13.772,13.772,13.772,13.772,13.772,13.772,13.772,13.772,13.772,13.772,13.772,13.772,13.772,13.772,13.772,13.772,13.772,13.772,13.772
9.0579,9.0579,9.0579,9.0579,9.0579,9.0579,9.0579,9.0579,9.0579,9.0579,9.0579,9.0579,9.0579,9.0579,9.0579,9.0579,9.0579,9.0579,9.0579,9.0579
14.652,14.652,14.652,14.652,14.652,14.652,14.652,14.652,14.652,14.652,14.652,14.652,14.652,14.652,14.652,14.652,14.652,14.652,14.652,14.652
13.595,13.595,13.595,13.595,13.595,13.595,13.595,13.595,13.595,13.595,13.595,13.595,13.595,13.595,13.595,13.595,13.595,13.595,13.595,13.595
14.45,14.45,14.45,14.45,14.45,14.45,14.45,14.45,14.45,14.45,14.45,14.45,14.45,14.45,14.45,14.45,14.45,14.45,14.45,14.45
14.898,14.898,14.898,14.898,14.898,14.898,14.898,14.898,14.898,14.898,14.898,14.898,14.898,14.898,14.898,14.898,14.898,14.898,14.898,14.898
14.234,14.234,14.234,14.234,14.234,14.234,14.234,14.234,14.234,14.234,14.234,14.234,14.234,14.234,14.234,14.234,14.234,14.234,14.234,14.234
15.787,15.787,15.787,15.787,15.787,15.787,15.787,15.787,15.787,15.787,15.787,15.787,15.787,15.787,15.787,15.787,15.787,15.787,15.787,15.787
15.372,15.372,15.372,15.372,15.372,15.372,15.372,15.372,15.372,15.372,15.372,15.372,15.372,15.372,15.372,15.372,15.372,15.372,15.372,15.372
15.045,15.045,15.045,15.045,15.045,15.045,15.045,15.045,15.045,15.045,15.045,15.045,15.045,15.045,15.045,15.045,15.045,15.045,15.045,15.045
12.545,12.545,12.545,12.545,12.545,12.545,12.545,12.545,12.545,12.545,12.545,12.545,12.545,12.545,12.545,12.545,12.545,12.545,12.545,12.545
13.89,13.89,13.89,13.89,13.89,13.89,13.89,13.89,13.89,13.89,13.89,13.89,13.89,13.89,13.89,13.89,13.89,13.89,13.89,13.89
12.361,12.361,12.361,12.361,12.361,12.361,12.361,12.361,12.361,12.361,12.361,12.361,12.361,12.361,12.361,12.361,12.361,12.361,12.361,12.361
14.637,14.637,14.637,14.637,14.637,14.637,14.637,14.637,14.637,14.637,14.637,14.637,14.637,14.637,14.637,14.637,14.637,14.637,14.637,14.637
9.3326,9.3326,9.3326,9.3326,9.3326,9.3326,9.3326,9.3326,9.3326,9.3326,9.3326,9.3326,9.3326,9.3326,9.3326,9.3326,9.3326,9.3326,9.3326,9.3326
15.787,15.787,15.787,15.787,15.787,15.787,15.787,15.787,15.787,15.787,15.787,15.787,15.787,15.787,15.787,15.787,15.787,15.787,15.787,15.787
12.898,12.898,12.898,12.898,12.898,12.898,12.898,12.898,12.898,12.898,12.898,12.898,12.898,12.898,12.898,12.898,12.898,12.898,12.898,12.898
12.559,12.559,12.559,12.559,12.559,12.559,12.559,12.559,12.559,12.559,12.559,12.559,12.559,12.559,12.559,12.559,12.559,12.559,12.559,12.559
15.326,15.326,15.326,15.326,15.326,15.326,15.326,15.326,15.326,15.326,15.326,15.326,15.326,15.326,15.326,15.326,15.326,15.326,15.326,15.326
14.975,14.975,14.975,14.975,14.975,14.975,14.975,14.975,14.975,14.975,14.975,14.975,14.975,14.975,14.975,14.975,14.975,14.975,14.975,14.975
15.179,15.179,15.179,15.179,15.179,15.179,15.179,15.179,15.179,15.179,15.179,15.179,15.179,15.179,15.179,15.179,15.179,15.179,15.179,15.179
11.393,11.393,11.393,11.393,11.393,11.393,11.393,11.393,11.393,11.393,11.393,11.393,11.393,11.393,11.393,11.393,11.393,11.393,11.393,11.393
11.126,11.126,11.126,11.126,11.126,11.126,11.126,11.126,11.126,11.126,11.126,11.126,11.126,11.126,11.126,11.126,11.126,11.126,11.126,11.126
13.984,13.984,13.984,13.984,13.984,13.984,13.984,13.984,13.984,13.984,13.984,13.984,13.984,13.984,13.984,13.984,13.984,13.984,13.984,13.984
15.787,15.787,15.787,15.787,15.787,15.787,15.787,15.787,15.787,15.787,15.787,15.787,15.787,15.787,15.787,15.787,15.787,15.787,15.787,15.787
12.045,12.045,12.045,12.045,12.045,12.045,12.045,12.045,12.045,12.045,12.045,12.045,12.045,12.045,12.045,12.045,12.045,12.045,12.045,12.045
15.472,15.472,15.472,15.472,15.472,15.472,15.472,15.472,15.472,15.472,15.472,15.472,15.472,15.472,15.472,15.472,15.472,15.472,15.472,15.472
13.335,13.335,13.335,13.335,13.335,13.335,13.335,13.335,13.335,13.335,13.335,13.335,13.335,13.335,13.335,13.335,13.335,13.335,13.335,13.335
15.647,15.647,15.647,15.647,15.647,15.647,15.647,15.647,15.647,15.647,15.647,15.647,15.647,15.647,15.647,15.647,15.647,15.647,15.647,15.647
14.293,14.293,14.293,14.293,14.293,14.293,14.293,14.293,14.293,14.293,14.293,14.293,14.293,14.293,14.293,14.293,14.293,14.293,14.293,14.293
13.601,13.601,13.601,13.601,13.601,13.601,13.601,13.601,13.601,13.601,13.601,13.601,13.601,13.601,13.601,13.601,13.601,13.601,13.601,13.601
9.9383,9.9383,9.9383,9.9383,9.9383,9.9383,9.9383,9.9383,9.9383,9.9383,9.9383,9.9383,9.9383,9.9383,9.9383,9.9383,9.9383,9.9383,9.9383,9.9383
15.138,15.138,15.138,15.138,15.138,15.138,15.138,15.138,15.138,15.138,15.138,15.138,15.138,15.138,15.138,15.138,15.138,15.138,15.138,15.138
10.542,10.542,10.542,10.542,10.542,10.542,10.542,10.542,10.542,10.542,10.542,10.542,10.542,10.542,10.542,10.542,10.542,10.542,10.542,10.542
13.292,13.292,13.292,13.292,13.292,13.292,13.292,13.292,13.292,13.292,13.292,13.292,13.292,13.292,13.292,13.292,13.292,13.292,13.292,13.292
9.9491,9.9491,9.9491,9.9491,9.9491,9.9491,9.9491,9.9491,9.9491,9.9491,9.9491,9.9491,9.9491,9.9491,9.9491,9.9491,9.9491,9.9491,9.9491,9.9491
15.634,15.634,15.634,15.634,15.634,15.634,15.634,15.634,15.634,15.634,15.634,15.634,15.634,15.634,15.634,15.634,15.634,15.634,15.634,15.634
14.419,14.419,14.419,14.419,14.419,14.419,14.419,14.419,14.419,14.419,14.419,14.419,14.419,14.419,14.419,14.419,14.419,14.419,14.419,14.419
11.81,11.81,11.81,11.81,11.81,11.81,11.81,11.81,11.81,11.81,11.81,11.81,11.81,11.81,11.81,11.81,11.81,11.81,11.81,11.81
14.275,14.275,14.275,14.275,14.275,14.275,14.275,14.275,14.275,14.275,14.275,14.275,14.275,14.275,14.275,14.275,14.275,14.275,14.275,14.275
14.42,14.42,14.42,14.42,14.42,14.42,14.42,14.42,14.42,14.42,14.42,14.42,14.42,14.42,14.42,14.42,14.42,14.42,14.42,14.42
13.916,13.916,13.916,13.916,13.916,13.916,13.916,13.916,13.916,13.916,13.916,13.916,13.916,13.916,13.916,13.916,13.916,13.916,13.916,13.916
14.977,14.977,14.977,14.977,14.977,14.977,14.977,14.977,14.977,14.977,14.977,14.977,14.977,14.977,14.977,14.977,14.977,14.977,14.977,14.977
14.697,14.697,14.697,14.697,14.697,14.697,14.697,14.697,14.697,14.697,14.697,14.697,14.697,14.697,14.697,14.697,14.697,14.697,14.697,14.697
12.495,12.495,12.495,12.495,12.495,12.495,12.495,12.495,12.495,12.495,12.495,12.495,12.495,12.495,12.495,12.495,12.495,12.495,12.495,12.495
13.658,13.658,13.658,13.658,13.658,13.658,13.658,13.658,13.658,13.658,13.658,13.658,13.658,13.658,13.658,13.658,13.658,13.658,13.658,13.658
15.787,15.787,15.787,15.787,15.787,15.787,15.787,15.787,15.787,15.787,15.787,15.787,15.787,15.787,15.787,15.787,15.787,15.787,15.787,15.787
15.648,15.648,15.648,15.648,15.648,15.648,15.648,15.648,15.648,15.648,15.648,15.648,15.648,15.648,15.648,15.648,15.648,15.648,15.648,15.648
13.33,13.33,13.33,13.33,13.33,13.33,13.33,13.33,13.33,13.33,13.33,13.33,13.33,13.33,13.33,13.33,13.33,13.33,13.33,13.33
15.787,15.787,15.787,15.787,15.787,15.787,15.787,15.787,15.787,15.787,15.787,15.787,15.787,15.787,15.787,15.787,15.787,15.787,15.787,15.787
13.713,13.713,13.713,13.713,13.713,13.713,13.713,13.713,13.713,13.713,13.713,13.713,13.713,13.713,13.713,13.713,13.713,13.713,13.713,13.713
15.009,15.009,15.009,15.009,15.009,15.009,15.009,15.009,15.009,15.009,15.009,15.009,15.009,15.009,15.009,15.009,15.009,15.009,15.009,15.009
14.046,14.046,14.046,14.046,14.046,14.046,14.046,14.046,14.046,14.046,14.046,14.046,14.046,14.046,14.046,14.046,14.046,14.046,14.046,14.046
13.731,13.731,13.731,13.731,13.731,13.731,13.731,13.731,13.731,13.731,13.731,13.731,13.731,13.731,13.731,13.731,13.731,13.731,13.731,13.731
15.441,15.441,15.441,15.441,15.441,15.441,15.441,15.441,15.441,15.441,15.441,15.441,15.441,15.441,15.441,15.441,15.441,15.441,15.441,15.441
12.393,12.393,12.393,12.393,12.393,12.393,12.393,12.393,12.393,12.393,12.393,12.393,12.393,12.393,12.393,12.393,12.393,12.393,12.393,12.393
13.922,13.922,13.922,13.922,13.922,13.922,13.922,13.922,13.922,13.922,13.922,13.922,13.922,13.922,13.922,13.922,13.922,13.922,13.922,13.922
14.527,14.527,14.527,14.527,14.527,14.527,14.527,14.527,14.527,14.527,14.527,14.527,14.527,14.527,14.527,14.527,14.527,14.527,14.527,14.527
15.363,15.363,15.363,15.363,15.363,15.363,15.363,15.363,15.363,15.363,15.363,15.363,15.363,15.363,15.363,15.363,15.363,15.363,15.363,15.363
15.611,15.611,15.611,15.611,15.611,15.611,15.611,15.611,15.611,15.611,15.611,15.611,15.611,15.611,15.611,15.611,15.611,15.611,15.611,15.611
10.466,10.466,10.466,10.466,10.466,10.466,10.466,10.466,10.466,10.466,10.466,10.466,10.466,10.466,10.466,10.466,10.466,10.466,10.466,10.466
14.21,14.21,14.21,14.21,14.21,14.21,14.21,14.21,14.21,14.21,14.21,14.21,14.21,14.21,14.21,14.21,14.21,14.21,14.21,14.21
14.978,14.978,14.978,14.978,14.978,14.978,14.978,14.978,14.978,14.978,14.978,14.978,14.978,14.978,14.978,14.978,14.978,14.978,14.978,14.978
10.379,10.379,10.379,10.379,10.379,10.379,10.379,10.379,10.379,10.379,10.379,10.379,10.379,10.379,10.379,10.379,10.379,10.379,10.379,10.379
15.125,15.125,15.125,15.125,15.125,15.125,15.125,15.125,15.125,15.125,15.125,15.125,15.125,15.125,15.125,15.125,15.125,15.125,15.125,15.125
12.708,12.708,12.708,12.708,12.708,12.708,12.708,12.708,12.708,12.708,12.708,12.708,12.708,12.708,12.708,12.708,12.708,12.708,12.708,12.708
13.194,13.194,13.194,13.194,13.194,13.194,13.194,13.194,13.194,13.194,13.194,13.194,13.194,13.194,13.194,13.194,13.194,13.194,13.194,13.194
11.986,11.986,11.986,11.986,11.986,11.986,11.986,11.986,11.986,11.986,11.986,11.986,11.986,11.986,11.986,11.986,11.986,11.986,11.986,11.986
12.845,12.845,12.845,12.845,12.845,12.845,12.845,12.845,12.845,12.845,12.845,12.845,12.845,12.845,12.845,12.845,12.845,12.845,12.845,12.845
12.434,12.434,12.434,12.434,12.434,12.434,12.434,12.434,12.434,12.434,12.434,12.434,12.434,12.434,12.434,12.434,12.434,12.434,12.434,12.434
10.978,10.978,10.978,10.978,10.978,10.978,10.978,10.978,10.978,10.978,10.978,10.978,10.978,10.978,10.978,10.978,10.978,10.978,10.978,10.978
12.396,12.396,12.396,12.396,12.396,12.396,12.396,12.396,12.396,12.396,12.396,12.396,12.396,12.396,12.396,12.396,12.396,12.396,12.396,12.396
13.838,13.838,13.838,13.838,13.838,13.838,13.838,13.838,13.838,13.838,13.838,13.838,13.838,13.838,13.838,13.838,13.838,13.838,13.838,13.838
15.787,15.787,15.787,15.787,15.787,15.787,15.787,15.787,15.787,15.787,15.787,15.787,15.787,15.787,15.787,15.787,15.787,15.787,15.787,15.787
14.452,14.452,14.452,14.452,14.452,14.452,14.452,14.452,14.452,14.452,14.452,14.452,14.452,14.452,14.452,14.452,14.452,14.452,14.452,14.452
12.211,12.211,12.211,12.211,12.211,12.211,12.211,12.211,12.211,12.211,12.211,12.211,12.211,12.211,12.211,12.211,12.211,12.211,12.211,12.211
14.79,14.79,14.79,14.79,14.79,14.79,14.79,14.79,14.79,14.79,14.79,14.79,14.79,14.79,14.79,14.79,14.79,14.79,14.79,14.79
14.476,14.476,14.476,14.476,14.476,14.476,14.476,14.476,14.476,14.476,14.476,14.476,14.476,14.476,14.476,14.476,14.476,14.476,14.476,14.476
15.456,15.456,15.456,15.456,15.456,15.456,15.456,15.456,15.456,15.456,15.456,15.456,15.456,15.456,15.456,15.456,15.456,15.456,15.456,15.456
12.497,12.497,12.497,12.497,12.497,12.497,12.497,12.497,12.497,12.497,12.497,12.497,12.497,12.497,12.497,12.497,12.497,12.497,12.497,12.497
13.932,13.932,13.932,13.932,13.932,13.932,13.932,13.932,13.932,13.932,13.932,13.932,13.932,13.932,13.932,13.932,13.932,13.932,13.932,13.932
14.086,14.086,14.086,14.086,14.086,14.086,14.086,14.086,14.086,14.086,14.086,14.086,14.086,14.086,14.086,14.086,14.086,14.086,14.086,14.086
13.83,13.83,13.83,13.83,13.83,13.83,13.83,13.83,13.83,13.83,13.83,13.83,13.83,13.83,13.83,13.83,13.83,13.83,13.83,13.83
13.208,13.208,13.208,13.208,13.208,13.208,13.208,13.208,13.208,13.208,13.208,13.208,13.208,13.208,13.208,13.208,13.208,13.208,13.208,13.208
12.707,12.707,12.707,12.707,12.707,12.707,12.707,12.707,12.707,12.707,12.707,12.707,12.707,12.707,12.707,12.707,12.707,12.707,12.707,12.707
13.233,13.233,13.233,13.233,13.233,13.233,13.233,13.233,13.233,13.233,13.233,13.233,13.233,13.233,13.233,13.233,13.233,13.233,13.233,13.233
12.656,12.656,12.656,12.656,12.656,12.656,12.656,12.656,12.656,12.656,12.656,12.656,12.656,12.656,12.656,12.656,12.656,12.656,12.656,12.656
15.787,15.787,15.787,15.787,15.787,15.787,15.787,15.787,15.787,15.787,15.787,15.787,15.787,15.787,15.787,15.787,15.787,15.787,15.787,15.787
15.787,15.787,15.787,15.787,15.787,15.787,15.787,15.787,15.787,15.787,15.787,15.787,15.787,15.787,15.787,15.787,15.787,15.787,15.787,15.787
13.925,13.925,13.925,13.925,13.925,13.925,13.925,13.925,13.925,13.925,13.925,13.925,13.925,13.925,13.925,13.925,13.925,13.925,13.925,13.925
10.493,10.493,10.493,10.493,10.493,10.493,10.493,10.493,10.493,10.493,10.493,10.493,10.493,10.493,10.493,10.493,10.493,10.493,10.493,10.493
14.155,14.155,14.155,14.155,14.155,14.155,14.155,14.155,14.155,14.155,14.155,14.155,14.155,14.155,14.155,14.155,14.155,14.155,14.155,14.155
10.781,10.781,10.781,10.781,10.781,10.781,10.781,10.781,10.781,10.781,10.781,10.781,10.781,10.781,10.781,10.781,10.781,10.781,10.781,10.781
11.706,11.706,11.706,11.706,11.706,11.706,11.706,11.706,11.706,11.706,11.706,11.706,11.706,11.706,11.706,11.706,11.706,11.706,11.706,11.706
8.912,8.912,8.912,8.912,8.912,8.912,8.912,8.912,8.912,8.912,8.912,8.912,8.912,8.912,8.912,8.912,8.912,8.912,8.912,8.912
15.017,15.017,15.017,15.017,15.017,15.017,15.017,15.017,15.017,15.017,15.017,15.017,15.017,15.017,15.017,15.017,15.017,15.017,15.017,15.017
14.039,14.039,14.039,14.039,14.039,14.039,14.039,14.039,14.039,14.039,14.039,14.039,14.039,14.039,14.039,14.039,14.039,14.039,14.039,14.039
14.606,14.606,14.606,14.606,14.606,14.606,14.606,14.606,14.606,14.606,14.606,14.606,14.606,14.606,14.606,14.606,14.606,14.606,14.606,14.606
12.193,12.193,12.193,12.193,12.193,12.193,12.193,12.193,12.193,12.193,12.193,12.193,12.193,12.193,12.193,12.193,12.193,12.193,12.193,12.193
11.449,11.449,11.449,11.449,11.449,11.449,11.449,11.449,11.449,11.449,11.449,11.449,11.449,11.449,11.449,11.449,11.449,11.449,11.449,11.449
