31.983,31.983,31.983,31.983,31.983,31.983,31.983,31.983,31.983,31.983,31.983,31.983,31.983,31.983,31.983,31.983,31.983,31.983,31.983,31.983
28.788,28.788,28.788,28.788,28.788,28.788,28.788,28.788,28.788,28.788,28.788,28.788,28.788,28.788,28.788,28.788,28.788,28.788,28.788,28.788
32.988,32.988,32.988,32.988,32.988,32.988,32.988,32.988,32.988,32.988,32.988,32.988,32.988,32.988,32.988,32.988,32.988,32.988,32.988,32.988
29.596,29.596,29.596,29.596,29.596,29.596,29.596,29.596,29.596,29.596,29.596,29.596,29.596,29.596,29.596,29.596,29.596,29.596,29.596,29.596
30.345,30.345,30.345,30.345,30.345,30.345,30.345,30.345,30.345,30.345,30.345,30.345,30.345,30.345,30.345,30.345,30.345,30.345,30.345,30.345
27.877,27.877,27.877,27.877,27.877,27.877,27.877,27.877,27.877,27.877,27.877,27.877,27.877,27.877,27.877,27.877,27.877,27.877,27.877,27.877
32.446,32.446,32.446,32.446,32.446,32.446,32.446,32.446,32.446,32.446,32.446,32.446,32.446,32.446,32.446,32.446,32.446,32.446,32.446,32.446
32.393,32.393,32.393,32.393,32.393,32.393,32.393,32.393,32.393,32.393,32.393,32.393,32.393,32.393,32.393,32.393,32.393,32.393,32.393,32.393
27.019,27.019,27.019,27.019,27.019,27.019,27.019,27.019,27.019,27.019,27.019,27.019,27.019,27.019,27.019,27.019,27.019,27.019,27.019,27.019
31.753,31.753,31.753,31.753,31.753,31.753,31.753,31.753,31.753,31.753,31.753,31.753,31.753,31.753,31.753,31.753,31.753,31.753,31.753,31.753
27.507,27.507,27.507,27.507,27.507,27.507,27.507,27.507,27.507,27.507,27.507,27.507,27.507,27.507,27.507,27.507,27.507,27.507,27.507,27.507
25.707,25.707,25.707,25.707,25.707,25.707,25.707,25.707,25.707,25.707,25.707,25.707,25.707,25.707,25.707,25.707,25.707,25.707,25.707,25.707
32.988,32.988,32.988,32.988,32.988,32.988,32.988,32.988,32.988,32.988,32.988,32.988,32.988,32.988,32.988,32.988,32.988,32.988,32.988,32.988
31.165,31.165,31.165,31.165,31.165,31.165,31.165,31.165,31.165,31.165,31.165,31.165,31.165,31.165,31.165,31.165,31.165,31.165,31.165,31.165
25.115,25.115,25.115,25.115,25.115,25.115,25.115,25.115,25.115,25.115,25.115,25.115,25.115,25.115,25.115,25.115,25.115,25.115,25.115,25.115
30.062,30.062,30.062,30.062,30.062,30.062,30.062,30.062,30.062,30.062,30.062,30.062,30.062,30.062,30.062,30.062,30.062,30.062,30.062,30.062
32.822,32.822,32.822,32.822,32.822,32.822,32.822,32.822,32.822,32.822,32.822,32.822,32.822,32.822,32.822,32.822,32.822,32.822,32.822,32.822
28.858,28.858,28.858,28.858,28.858,28.858,28.858,28.858,28.858,28.858,28.858,28.858,28.858,28.858,28.858,28.858,28.858,28.858,28.858,28.858
32.092,32.092,32.092,32.092,32.092,32.092,32.092,32.092,32.092,32.092,32.092,32.092,32.092,32.092,32.092,32.092,32.092,32.092,32.092,32.092
32.988,32.988,32.988,32.988,32.988,32.988,32.988,32.988,32.988,32.988,32.988,32.988,32.988,32.988,32.988,32.988,32.988,32.988,32.988,32.988
30.498,30.498,30.498,30.498,30.498,30.498,30.498,30.498,30.498,30.498,30.498,30.498,30.498,30.498,30.498,30.498,30.498,30.498,30.498,30.498
27.623,27.623,27.623,27.623,27.623,27.623,27.623,27.623,27.623,27.623,27.623,27.623,27.623,27.623,27.623,27.623,27.623,27.623,27.623,27.623
31.958,31.958,31.958,31.958,31.958,31.958,31.958,31.958,31.958,31.958,31.958,31.958,31.958,31.958,31.958,31.958,31.958,31.958,31.958,31.958
32.635,32.635,32.635,32.635,32.635,32.635,32.635,32.635,32.635,32.635,32.635,32.635,32.635,32.635,32.635,32.635,32.635,32.635,32.635,32.635
29.851,29.851,29.851,29.851,29.851,29.851,29.851,29.851,29.851,29.851,29.851,29.851,29.851,29.851,29.851,29.851,29.851,29.851,29.851,29.851
29.654,29.654,29.654,29.654,29.654,29.654,29.654,29.654,29.654,29.654,29.654,29.654,29.654,29.654,29.654,29.654,29.654,29.654,29.654,29.654
26.353,26.353,26.353,26.353,26.353,26.353,26.353,26.353,26.353,26.353,26.353,26.353,26.353,26.353,26.353,26.353,26.353,26.353,26.353,26.353
30.525,30.525,30.525,30.525,30.525,30.525,30.525,30.525,30.525,30.525,30.525,30.525,30.525,30.525,30.525,30.525,30.525,30.525,30.525,30.525
29.519,29.519,29.519,29.519,29.519,29.519,29.519,29.519,29.519,29.519,29.519,29.519,29.519,29.519,29.519,29.519,29.519,29.519,29.519,29.519
32.853,32.853,32.853,32.853,32.853,32.853,32.853,32.853,32.853,32.853,32.853,32.853,32.853,32.853,32.853,32.853,32.853,32.853,32.853,32.853
30.418,30.418,30.418,30.418,30.418,30.418,30.418,30.418,30.418,30.418,30.418,30.418,30.418,30.418,30.418,30.418,30.418,30.418,30.418,30.418
31.957,31.957,31.957,31.957,31.957,31.957,31.957,31.957,31.957,31.957,31.957,31.957,31.957,31.957,31.957,31.957,31.957,31.957,31.957,31.957
32.78,32.78,32.78,32.78,32.78,32.78,32.78,32.78,32.78,32.78,32.78,32.78,32.78,32.78,32.78,32.78,32.78,32.78,32.78,32.78
30.258,30.258,30.258,30.258,30.258,30.258,30.258,30.258,30.258,30.258,30.258,30.258,30.258,30.258,30.258,30.258,30.258,30.258,30.258,30.258
32.618,32.618,32.618,32.618,32.618,32.618,32.618,32.618,32.618,32.618,32.618,32.618,32.618,32.618,32.618,32.618,32.618,32.618,32.618,32.618
28.756,28.756,28.756,28.756,28.756,28.756,28.756,28.756,28.756,28.756,28.756,28.756,28.756,28.756,28.756,28.756,28.756,28.756,28.756,28.756
32.988,32.988,32.988,32.988,32.988,32.988,32.988,32.988,32.988,32.988,32.988,32.988,32.988,32.988,32.988,32.988,32.988,32.988,32.988,32.988
29.903,29.903,29.903,29.903,29.903,29.903,29.903,29.903,29.903,29.903,29.903,29.903,29.903,29.903,29.903,29.903,29.903,29.903,29.903,29.903
31.021,31.021,31.021,31.021,31.021,31.021,31.021,31.021,31.021,31.021,31.021,31.021,31.021,31.021,31.021,31.021,31.021,31.021,31.021,31.021
32.425,32.425,32.425,32.425,32.425,32.425,32.425,32.425,32.425,32.425,32.425,32.425,32.425,32.425,32.425,32.425,32.425,32.425,32.425,32.425
30.862,30.862,30.862,30.862,30.862,30.862,30.862,30.862,30.862,30.862,30.862,30.862,30.862,30.862,30.862,30.862,30.862,30.862,30.862,30.862
28.6,28.6,28.6,28.6,28.6,28.6,28.6,28.6,28.6,28.6,28.6,28.6,28.6,28.6,28.6,28.6,28.6,28.6,28.6,28.6
31.364,31.364,31.364,31.364,31.364,31.364,31.364,31.364,31.364,31.364,31.364,31.364,31.364,31.364,31.364,31.364,31.364,31.364,31.364,31.364
29.747,29.747,29.747,29.747,29.747,29.747,29.747,29.747,29.747,29.747,29.747,29.747,29.747,29.747,29.747,29.747,29.747,29.747,29.747,29.747
22.78,22.78,22.78,22.78,22.78,22.78,22.78,22.78,22.78,22.78,22.78,22.78,22.78,22.78,22.78,22.78,22.78,22.78,22.78,22.78
32.988,32.988,32.988,32.988,32.988,32.988,32.988,32.988,32.988,32.988,32.988,32.988,32.988,32.988,32.988,32.988,32.988,32.988,32.988,32.988
31.754,31.754,31.754,31.754,31.754,31.754,31.754,31.754,31.754,31.754,31.754,31.754,31.754,31.754,31.754,31.754,31.754,31.754,31.754,31.754
27.733,27.733,27.733,27.733,27.733,27.733,27.733,27.733,27.733,27.733,27.733,27.733,27.733,27.733,27.733,27.733,27.733,27.733,27.733,27.733
32.988,32.988,32.988,32.988,32.988,32.988,32.988,32.988,32.988,32.988,32.988,32.988,32.988,32.988,32.988,32.988,32.988,32.988,32.988,32.988
26.064,26.064,26.064,26.064,26.064,26.064,26.064,26.064,26.064,26.064,26.064,26.064,26.064,26.064,26.064,26.064,26.064,26.064,26.064,26.064
27.006,27.006,27.006,27.006,27.006,27.006,27.006,27.006,27.006,27.006,27.006,27.006,27.006,27.006,27.006,27.006,27.006,27.006,27.006,27.006
26.277,26.277,26.277,26.277,26.277,26.277,26.277,26.277,26.277,26.277,26.277,26.277,26.277,26.277,26.277,26.277,26.277,26.277,26.277,26.277
27.458,27.458,27.458,27.458,27.458,27.458,27.458,27.458,27.458,27.458,27.458,27.458,27.458,27.458,27.458,27.458,27.458,27.458,27.458,27.458
23.712,23.712,23.712,23.712,23.712,23.712,23.712,23.712,23.712,23.712,23.712,23.712,23.712,23.712,23.712,23.712,23.712,23.712,23.712,23.712
30.373,30.373,30.373,30.373,30.373,30.373,30.373,30.373,30.373,30.373,30.373,30.373,30.373,30.373,30.373,30.373,30.373,30.373,30.373,30.373
31.952,31.952,31.952,31.952,31.952,31.952,31.952,31.952,31.952,31.952,31.952,31.952,31.952,31.952,31.952,31.952,31.952,31.952,31.952,31.952
31.432,31.432,31.432,31.432,31.432,31.432,31.432,31.432,31.432,31.432,31.432,31.432,31.432,31.432,31.432,31.432,31.432,31.432,31.432,31.432
25.96,25.96,25.96,25.96,25.96,25.96,25.96,25.96,25.96,25.96,25.96,25.96,25.96,25.96,25.96,25.96,25.96,25.96,25.96,25.96
27.344,27.344,27.344,27.344,27.344,27.344,27.344,27.344,27.344,27.344,27.344,27.344,27.344,27.344,27.344,27.344,27.344,27.344,27.344,27.344
32.627,32.627,32.627,32.627,32.627,32.627,32.627,32.627,32.627,32.627,32.627,32.627,32.627,32.627,32.627,32.627,32.627,32.627,32.627,32.627
31.094,31.094,31.094,31.094,31.094,31.094,31.094,31.094,31.094,31.094,31.094,31.094,31.094,31.094,31.094,31.094,31.094,31.094,31.094,31.094
26.833,26.833,26.833,26.833,26.833,26.833,26.833,26.833,26.833,26.833,26.833,26.833,26.833,26.833,26.833,26.833,26.833,26.833,26.833,26.833
27.472,27.472,27.472,27.472,27.472,27.472,27.472,27.472,27.472,27.472,27.472,27.472,27.472,27.472,27.472,27.472,27.472,27.472,27.472,27.472
32.988,32.988,32.988,32.988,32.988,32.988,32.988,32.988,32.988,32.988,32.988,32.988,32.988,32.988,32.988,32.988,32.988,32.988,32.988,32.988
30.713,30.713,30.713,30.713,30.713,30.713,30.713,30.713,30.713,30.713,30.713,30.713,30.713,30.713,30.713,30.713,30.713,30.713,30.713,30.713
25.829,25.829,25.829,25.829,25.829,25.829,25.829,25.829,25.829,25.829,25.829,25.829,25.829,25.829,25.829,25.829,25.829,25.829,25.829,25.829
28.704,28.704,28.704,28.704,28.704,28.704,28.704,28.704,28.704,28.704,28.704,28.704,28.704,28.704,28.704,28.704,28.704,28.704,28.704,28.704
32.772,32.772,32.772,32.772,32.772,32.772,32.772,32.772,32.772,32.772,32.772,32.772,32.772,32.772,32.772,32.772,32.772,32.772,32.772,32.772
31.001,31.001,31.001,31.001,31.001,31.001,31.001,31.001,31.001,31.001,31.001,31.001,31.001,31.001,31.001,31.001,31.001,31.001,31.001,31.001
32.286,32.286,32.286,32.286,32.286,32.286,32.286,32.286,32.286,32.286,32.286,32.286,32.286,32.286,32.286,32.286,32.286,32.286,32.286,32.286
32.988,32.988,32.988,32.988,32.988,32.988,32.988,32.988,32.988,32.988,32.988,32.988,32.988,32.988,32.988,32.988,32.988,32.988,32.988,32.988
25.347,25.347,25.347,25.347,25.347,25.347,25.347,25.347,25.347,25.347,25.347,25.347,25.347,25.347,25.347,25.347,25.347,25.347,25.347,25.347
32.561,32.561,32.561,32.561,32.561,32.561,32.561,32.561,32.561,32.561,32.561,32.561,32.561,32.561,32.561,32.561,32.561,32.561,32.561,32.561
32.937,32.937,32.937,32.937,32.937,32.937,32.937,32.937,32.937,32.937,32.937,32.937,32.937,32.937,32.937,32.937,32.937,32.937,32.937,32.937
26.437,26.437,26.437,26.437,26.437,26.437,26.437,26.437,26.437,26.437,26.437,26.437,26.437,26.437,26.437,26.437,26.437,26.437,26.437,26.437
31.076,31.076,31.076,31.076,31.076,31.076,31.076,31.076,31.076,31.076,31.076,31.076,31.076,31.076,31.076,31.076,31.076,31.076,31.076,31.076
26.985,26.985,26.985,26.985,26.985,26.985,26.985,26.985,26.985,26.985,26.985,26.985,26.985,26.985,26.985,26.985,26.985,26.985,26.985,26.985
28.682,28.682,28.682,28.682,28.682,28.682,28.682,28.682,28.682,28.682,28.682,28.682,28.682,28.682,28.682,28.682,28.682,28.682,28.682,28.682
28.941,28.941,28.941,28.941,28.941,28.941,28.941,28.941,28.941,28.941,28.941,28.941,28.941,28.941,28.941,28.941,28.941,28.941,28.941,28.941
28.787,28.787,28.787,28.787,28.787,28.787,28.787,28.787,28.787,28.787,28.787,28.787,28.787,28.787,28.787,28.787,28.787,28.787,28.787,28.787
32.988,32.988,32.988,32.988,32.988,32.988,32.988,32.988,32.988,32.988,32.988,32.988,32.988,32.988,32.988,32.988,32.988,32.988,32.988,32.988
31.593,31.593,31.593,31.593,31.593,31.593,31.593,31.593,31.593,31.593,31.593,31.593,31.593,31.593,31.593,31.593,31.593,31.593,31.593,31.593
29.549,29.549,29.549,29.549,29.549,29.549,29.549,29.549,29.549,29.549,29.549,29.549,29.549,29.549,29.549,29.549,29.549,29.549,29.549,29.549
31.006,31.006,31.006,31.006,31.006,31.006,31.006,31.006,31.006,31.006,31.006,31.006,31.006,31.006,31.006,31.006,31.006,31.006,31.006,31.006
29.879,29.879,29.879,29.879,29.879,29.879,29.879,29.879,29.879,29.879,29.879,29.879,29.879,29.879,29.879,29.879,29.879,29.879,29.879,29.879
31.9,31.9,31.9,31.9,31.9,31.9,31.9,31.9,31.9,31.9,31.9,31.9,31.9,31.9,31.9,31.9,31.9,31.9,31.9,31.9
32.988,32.988,32.988,32.988,32.988,32.988,32.988,32.988,32.988,32.988,32.988,32.988,32.988,32.988,32.988,32.988,32.988,32.988,32.988,32.988
32.988,32.988,32.988,32.988,32.988,32.988,32.988,32.988,32.988,32.988,32.988,32.988,32.988,32.988,32.988,32.988,32.988,32.988,32.988,32.988
27.151,27.151,27.151,27.151,27.151,27.151,27.151,27.151,27.151,27.151,27.151,27.151,27.151,27.151,27.151,27.151,27.151,27.151,27.151,27.151
27.817,27.817,27.817,27.817,27.817,27.817,27.817,27.817,27.817,27.817,27.817,27.817,27.817,27.817,27.817,27.817,27.817,27.817,27.817,27.817
32.988,32.988,32.988,32.988,32.988,32.988,32.988,32.988,32.988,32.988,32.988,32.988,32.988,32.988,32.988,32.988,32.988,32.988,32.988,32.988
31.609,31.609,31.609,31.609,31.609,31.609,31.609,31.609,31.609,31.609,31.609,31.609,31.609,31.609,31.609,31.609,31.609,31.609,31.609,31.609
31.689,31.689,31.689,31.689,31.689,31.689,31.689,31.689,31.689,31.689,31.689,31.689,31.689,31.689,31.689,31.689,31.689,31.689,31.689,31.689
27.735,27.735,27.735,27.735,27.735,27.735,27.735,27.735,27.735,27.735,27.735,27.735,27.735,27.735,27.735,27.735,27.735,27.735,27.735,27.735
29.524,29.524,29.524,29.524,29.524,29.524,29.524,29.524,29.524,29.524,29.524,29.524,29.524,29.524,29.524,29.524,29.524,29.524,29.524,29.524
29.401,29.401,29.401,29.401,29.401,29.401,29.401,29.401,29.401,29.401,29.401,29.401,29.401,29.401,29.401,29.401,29.401,29.401,29.401,29.401
25.514,25.514,25.514,25.514,25.514,25.514,25.514,25.514,25.514,25.514,25.514,25.514,25.514,25.514,25.514,25.514,25.514,25.514,25.514,25.514
32.797,32.797,32.797,32.797,32.797,32.797,32.797,32.797,32.797,32.797,32.797,32.797,32.797,32.797,32.797,32.797,32.797,32.797,32.797,32.797
31.583,31.583,31.583,31.583,31.583,31.583,31.583,31.583,31.583,31.583,31.583,31.583,31.583,31.583,31.583,31.583,31.583,31.583,31.583,31.583
29.394,29.394,29.394,29.394,29.394,29.394,29.394,29.394,29.394,29.394,29.394,29.394,29.394,29.394,29.394,29.394,29.394,29.394,29.394,29.394
26.92,26.92,26.92,26.92,26.92,26.92,26.92,26.92,26.92,26.92,26.92,26.92,26.92,26.92,26.92,26.92,26.92,26.92,26.92,26.92
29.517,29.517,29.517,29.517,29.517,29.517,29.517,29.517,29.517,29.517,29.517,29.517,29.517,29.517,29.517,29.517,29.517,29.517,29.517,29.517
32.089,32.089,32.089,32.089,32.089,32.089,32.089,32.089,32.089,32.089,32.089,32.089,32.089,32.089,32.089,32.089,32.089,32.089,32.089,32.089
25.723,25.723,25.723,25.723,25.723,25.723,25.723,25.723,25.723,25.723,25.723,25.723,25.723,25.723,25.723,25.723,25.723,25.723,25.723,25.723
25.604,25.604,25.604,25.604,25.604,25.604,25.604,25.604,25.604,25.604,25.604,25.604,25.604,25.604,25.604,25.604,25.604,25.604,25.604,25.604
32.988,32.988,32.988,32.988,32.988,32.988,32.988,32.988,32.988,32.988,32.988,32.988,32.988,32.988,32.988,32.988,32.988,32.988,32.988,32.988
28.418,28.418,28.418,28.418,28.418,28.418,28.418,28.418,28.418,28.418,28.418,28.418,28.418,28.418,28.418,28.418,28.418,28.418,28.418,28.418
27.192,27.192,27.192,27.192,27.192,27.192,27.192,27.192,27.192,27.192,27.192,27.192,27.192,27.192,27.192,27.192,27.192,27.192,27.192,27.192
28.646,28.646,28.646,28.646,28.646,28.646,28.646,28.646,28.646,28.646,28.646,28.646,28.646,28.646,28.646,28.646,28.646,28.646,28.646,28.646
32.988,32.988,32.988,32.988,32.988,32.988,32.988,32.988,32.988,32.988,32.988,32.988,32.988,32.988,32.988,32.988,32.988,32.988,32.988,32.988
24.877,24.877,24.877,24.877,24.877,24.877,24.877,24.877,24.877,24.877,24.877,24.877,24.877,24.877,24.877,24.877,24.877,24.877,24.877,24.877
30.92,30.92,30.92,30.92,30.92,30.92,30.92,30.92,30.92,30.92,30.92,30.92,30.92,30.92,30.92,30.92,30.92,30.92,30.92,30.92
28.212,28.212,28.212,28.212,28.212,28.212,28.212,28.212,28.212,28.212,28.212,28.212,28.212,28.212,28.212,28.212,28.212,28.212,28.212,28.212
30.893,30.893,30.893,30.893,30.893,30.893,30.893,30.893,30.893,30.893,30.893,30.893,30.893,30.893,30.893,30.893,30.893,30.893,30.893,30.893
32.857,32.857,32.857,32.857,32.857,32.857,32.857,32.857,32.857,32.857,32.857,32.857,32.857,32.857,32.857,32.857,32.857,32.857,32.857,32.857
25.055,25.055,25.055,25.055,25.055,25.055,25.055,25.055,25.055,25.055,25.055,25.055,25.055,25.055,25.055,25.055,25.055,25.055,25.055,25.055
31.537,31.537,31.537,31.537,31.537,31.537,31.537,31.537,31.537,31.537,31.537,31.537,31.537,31.537,31.537,31.537,31.537,31.537,31.537,31.537
26.1,26.1,26.1,26.1,26.1,26.1,26.1,26.1,26.1,26.1,26.1,26.1,26.1,26.1,26.1,26.1,26.1,26.1,26.1,26.1
31.839,31.839,31.839,31.839,31.839,31.839,31.839,31.839,31.839,31.839,31.839,31.839,31.839,31.839,31.839,31.839,31.839,31.839,31.839,31.839
29.789,29.789,29.789,29.789,29.789,29.789,29.789,29.789,29.789,29.789,29.789,29.789,29.789,29.789,29.789,29.789,29.789,29.789,29.789,29.789
30.644,30.644,30.644,30.644,30.644,30.644,30.644,30.644,30.644,30.644,30.644,30.644,30.644,30.644,30.644,30.644,30.644,30.644,30.644,30.644
25.847,25.847,25.847,25.847,25.847,25.847,25.847,25.847,25.847,25.847,25.847,25.847,25.847,25.847,25.847,25.847,25.847,25.847,25.847,25.847
32.988,32.988,32.988,32.988,32.988,32.988,32.988,32.988,32.988,32.988,32.988,32.988,32.988,32.988,32.988,32.988,32.988,32.988,32.988,32.988
31.452,31.452,31.452,31.452,31.452,31.452,31.452,31.452,31.452,31.452,31.452,31.452,31.452,31.452,31.452,31.452,31.452,31.452,31.452,31.452
32.988,32.988,32.988,32.988,32.988,32.988,32.988,32.988,32.988,32.988,32.988,32.988,32.988,32.988,32.988,32.988,32.988,32.988,32.988,32.988
27.964,27.964,27.964,27.964,27.964,27.964,27.964,27.964,27.964,27.964,27.964,27.964,27.964,27.964,27.964,27.964,27.964,27.964,27.964,27.964
32.988,32.988,32.988,32.988,32.988,32.988,32.988,32.988,32.988,32.988,32.988,32.988,32.988,32.988,32.988,32.988,32.988,32.988,32.988,32.988
32.11,32.11,32.11,32.11,32.11,32.11,32.11,32.11,32.11,32.11,32.11,32.11,32.11,32.11,32.11,32.11,32.11,32.11,32.11,32.11
32.134,32.134,32.134,32.134,32.134,32.134,32.134,32.134,32.134,32.134,32.134,32.134,32.134,32.134,32.134,32.134,32.134,32.134,32.134,32.134
32.173,32.173,32.173,32.173,32.173,32.173,32.173,32.173,32.173,32.173,32.173,32.173,32.173,32.173,32.173,32.173,32.173,32.173,32.173,32.173
24.903,24.903,24.903,24.903,24.903,24.903,24.903,24.903,24.903,24.903,24.903,24.903,24.903,24.903,24.903,24.903,24.903,24.903,24.903,24.903
29.81,29.81,29.81,29.81,29.81,29.81,29.81,29.81,29.81,29.81,29.81,29.81,29.81,29.81,29.81,29.81,29.81,29.81,29.81,29.81
32.859,32.859,32.859,32.859,32.859,32.859,32.859,32.859,32.859,32.859,32.859,32.859,32.859,32.859,32.859,32.859,32.859,32.859,32.859,32.859
25.8,25.8,25.8,25.8,25.8,25.8,25.8,25.8,25.8,25.8,25.8,25.8,25.8,25.8,25.8,25.8,25.8,25.8,25.8,25.8
32.627,32.627,32.627,32.627,32.627,32.627,32.627,32.627,32.627,32.627,32.627,32.627,32.627,32.627,32.627,32.627,32.627,32.627,32.627,32.627
32.988,32.988,32.988,32.988,32.988,32.988,32.988,32.988,32.988,32.988,32.988,32.988,32.988,32.988,32.988,32.988,32.988,32.988,32.988,32.988
31.932,31.932,31.932,31.932,31.932,31.932,31.932,31.932,31.932,31.932,31.932,31.932,31.932,31.932,31.932,31.932,31.932,31.932,31.932,31.932
31.296,31.296,31.296,31.296,31.296,31.296,31.296,31.296,31.296,31.296,31.296,31.296,31.296,31.296,31.296,31.296,31.296,31.296,31.296,31.296
26.993,26.993,26.993,26.993,26.993,26.993,26.993,26.993,26.993,26.993,26.993,26.993,26.993,26.993,26.993,26.993,26.993,26.993,26.993,26.993
31.566,31.566,31.566,31.566,31.566,31.566,31.566,31.566,31.566,31.566,31.566,31.566,31.566,31.566,31.566,31.566,31.566,31.566,31.566,31.566
29.035,29.035,29.035,29.035,29.035,29.035,29.035,29.035,29.035,29.035,29.035,29.035,29.035,29.035,29.035,29.035,29.035,29.035,29.035,29.035
31.439,31.439,31.439,31.439,31.439,31.439,31.439,31.439,31.439,31.439,31.439,31.439,31.439,31.439,31.439,31.439,31.439,31.439,31.439,31.439
29.473,29.473,29.473,29.473,29.473,29.473,29.473,29.473,29.473,29.473,29.473,29.473,29.473,29.473,29.473,29.473,29.473,29.473,29.473,29.473
29.702,29.702,29.702,29.702,29.702,29.702,29.702,29.702,29.702,29.702,29.702,29.702,29.702,29.702,29.702,29.702,29.702,29.702,29.702,29.702
32.988,32.988,32.988,32.988,32.988,32.988,32.988,32.988,32.988,32.988,32.988,32.988,32.988,32.988,32.988,32.988,32.988,32.988,32.988,32.988
32.698,32.698,32.698,32.698,32.698,32.698,32.698,32.698,32.698,32.698,32.698,32.698,32.698,32.698,32.698,32.698,32.698,32.698,32.698,32.698
32.988,32.988,32.988,32.988,32.988,32.988,32.988,32.988,32.988,32.988,32.988,32.988,32.988,32.988,32.988,32.988,32.988,32.988,32.988,32.988
26.568,26.568,26.568,26.568,26.568,26.568,26.568,26.568,26.568,26.568,26.568,26.568,26.568,26.568,26.568,26.568,26.568,26.568,26.568,26.568
27.012,27.012,27.012,27.012,27.012,27.012,27.012,27.012,27.012,27.012,27.012,27.012,27.012,27.012,27.012,27.012,27.012,27.012,27.012,27.012
30.332,30.332,30.332,30.332,30.332,30.332,30.332,30.332,30.332,30.332,30.332,30.332,30.332,30.332,30.332,30.332,30.332,30.332,30.332,30.332
26.278,26.278,26.278,26.278,26.278,26.278,26.278,26.278,26.278,26.278,26.278,26.278,26.278,26.278,26.278,26.278,26.278,26.278,26.278,26.278
31.55,31.55,31.55,31.55,31.55,31.55,31.55,31.55,31.55,31.55,31.55,31.55,31.55,31.55,31.55,31.55,31.55,31.55,31.55,31.55
31.681,31.681,31.681,31.681,31.681,31.681,31.681,31.681,31.681,31.681,31.681,31.681,31.681,31.681,31.681,31.681,31.681,31.681,31.681,31.681
32.988,32.988,32.988,32.988,32.988,32.988,32.988,32.988,32.988,32.988,32.988,32.988,32.988,32.988,32.988,32.988,32.988,32.988,32.988,32.988
27.782,27.782,27.782,27.782,27.782,27.782,27.782,27.782,27.782,27.782,27.782,27.782,27.782,27.782,27.782,27.782,27.782,27.782,27.782,27.782
31.202,31.202,31.202,31.202,31.202,31.202,31.202,31.202,31.202,31.202,31.202,31.202,31.202,31.202,31.202,31.202,31.202,31.202,31.202,31.202
32.784,32.784,32.784,32.784,32.784,32.784,32.784,32.784,32.784,32.784,32.784,32.784,32.784,32.784,32.784,32.784,32.784,32.784,32.784,32.784
32.629,32.629,32.629,32.629,32.629,32.629,32.629,32.629,32.629,32.629,32.629,32.629,32.629,32.629,32.629,32.629,32.629,32.629,32.629,32.629
32.988,32.988,32.988,32.988,32.988,32.988,32.988,32.988,32.988,32.988,32.988,32.988,32.988,32.988,32.988,32.988,32.988,32.988,32.988,32.988
32.077,32.077,32.077,32.077,32.077,32.077,32.077,32.077,32.077,32.077,32.077,32.077,32.077,32.077,32.077,32.077,32.077,32.077,32.077,32.077
27.999,27.999,27.999,27.999,27.999,27.999,27.999,27.999,27.999,27.999,27.999,27.999,27.999,27.999,27.999,27.999,27.999,27.999,27.999,27.999
32.8,32.8,32.8,32.8,32.8,32.8,32.8,32.8,32.8,32.8,32.8,32.8,32.8,32.8,32.8,32.8,32.8,32.8,32.8,32.8
28.894,28.894,28.894,28.894,28.894,28.894,28.894,28.894,28.894,28.894,28.894,28.894,28.894,28.894,28.894,28.894,28.894,28.894,28.894,28.894
31.692,31.692,31.692,31.692,31.692,31.692,31.692,31.692,31.692,31.692,31.692,31.692,31.692,31.692,31.692,31.692,31.692,31.692,31.692,31.692
27.488,27.488,27.488,27.488,27.488,27.488,27.488,27.488,27.488,27.488,27.488,27.488,27.488,27.488,27.488,27.488,27.488,27.488,27.488,27.488
31.641,31.641,31.641,31.641,31.641,31.641,31.641,31.641,31.641,31.641,31.641,31.641,31.641,31.641,31.641,31.641,31.641,31.641,31.641,31.641
24.886,24.886,24.886,24.886,24.886,24.886,24.886,24.886,24.886,24.886,24.886,24.886,24.886,24.886,24.886,24.886,24.886,24.886,24.886,24.886
29.8,29.8,29.8,29.8,29.8,29.8,29.8,29.8,29.8,29.8,29.8,29.8,29.8,29.8,29.8,29.8,29.8,29.8,29.8,29.8
32.988,32.988,32.988,32.988,32.988,32.988,32.988,32.988,32.988,32.988,32.988,32.988,32.988,32.988,32.988,32.988,32.988,32.988,32.988,32.988
32.459,32.459,32.459,32.459,32.459,32.459,32.459,32.459,32.459,32.459,32.459,32.459,32.459,32.459,32.459,32.459,32.459,32.459,32.459,32.459
29.315,29.315,29.315,29.315,29.315,29.315,29.315,29.315,29.315,29.315,29.315,29.315,29.315,29.315,29.315,29.315,29.315,29.315,29.315,29.315
32.087,32.087,32.087,32.087,32.087,32.087,32.087,32.087,32.087,32.087,32.087,32.087,32.087,32.087,32.087,32.087,32.087,32.087,32.087,32.087
27.186,27.186,27.186,27.186,27.186,27.186,27.186,27.186,27.186,27.186,27.186,27.186,27.186,27.186,27.186,27.186,27.186,27.186,27.186,27.186
32.988,32.988,32.988,32.988,32.988,32.988,32.988,32.988,32.988,32.988,32.988,32.988,32.988,32.988,32.988,32.988,32.988,32.988,32.988,32.988
31.58,31.58,31.58,31.58,31.58,31.58,31.58,31.58,31.58,31.58,31.58,31.58,31.58,31.58,31.58,31.58,31.58,31.58,31.58,31.58
30.851,30.851,30.851,30.851,30.851,30.851,30.851,30.851,30.851,30.851,30.851,30.851,30.851,30.851,30.851,30.851,30.851,30.851,30.851,30.851
32.896,32.896,32.896,32.896,32.896,32.896,32.896,32.896,32.896,32.896,32.896,32.896,32.896,32.896,32.896,32.896,32.896,32.896,32.896,32.896
29.495,29.495,29.495,29.495,29.495,29.495,29.495,29.495,29.495,29.495,29.495,29.495,29.495,29.495,29.495,29.495,29.495,29.495,29.495,29.495
32.503,32.503,32.503,32.503,32.503,32.503,32.503,32.503,32.503,32.503,32.503,32.503,32.503,32.503,32.503,32.503,32.503,32.503,32.503,32.503
29.047,29.047,29.047,29.047,29.047,29.047,29.047,29.047,29.047,29.047,29.047,29.047,29.047,29.047,29.047,29.047,29.047,29.047,29.047,29.047
30.625,30.625,30.625,30.625,30.625,30.625,30.625,30.625,30.625,30.625,30.625,30.625,30.625,30.625,30.625,30.625,30.625,30.625,30.625,30.625
26.866,26.866,26.866,26.866,26.866,26.866,26.866,26.866,26.866,26.866,26.866,26.866,26.866,26.866,26.866,26.866,26.866,26.866,26.866,26.866
31.139,31.139,31.139,31.139,31.139,31.139,31.139,31.139,31.139,31.139,31.139,31.139,31.139,31.139,31.139,31.139,31.139,31.139,31.139,31.139
31.215,31.215,31.215,31.215,31.215,31.215,31.215,31.215,31.215,31.215,31.215,31.215,31.215,31.215,31.215,31.215,31.215,31.215,31.215,31.215
28.129,28.129,28.129,28.129,28.129,28.129,28.129,28.129,28.129,28.129,28.129,28.129,28.129,28.129,28.129,28.129,28.129,28.129,28.129,28.129
32.225,32.225,32.225,32.225,32.225,32.225,32.225,32.225,32.225,32.225,32.225,32.225,32.225,32.225,32.225,32.225,32.225,32.225,32.225,32.225
30.869,30.869,30.869,30.869,30.869,30.869,30.869,30.869,30.869,30.869,30.869,30.869,30.869,30.869,30.869,30.869,30.869,30.869,30.869,30.869
31.219,31.219,31.219,31.219,31.219,31.219,31.219,31.219,31.219,31.219,31.219,31.219,31.219,31.219,31.219,31.219,31.219,31.219,31.219,31.219
26.32,26.32,26.32,26.32,26.32,26.32,26.32,26.32,26.32,26.32,26.32,26.32,26.32,26.32,26.32,26.32,26.32,26.32,26.32,26.32
27.987,27.987,27.987,27.987,27.987,27.987,27.987,27.987,27.987,27.987,27.987,27.987,27.987,27.987,27.987,27.987,27.987,27.987,27.987,27.987
26.307,26.307,26.307,26.307,26.307,26.307,26.307,26.307,26.307,26.307,26.307,26.307,26.307,26.307,26.307,26.307,26.307,26.307,26.307,26.307
30.468,30.468,30.468,30.468,30.468,30.468,30.468,30.468,30.468,30.468,30.468,30.468,30.468,30.468,30.468,30.468,30.468,30.468,30.468,30.468
29.22,29.22,29.22,29.22,29.22,29.22,29.22,29.22,29.22,29.22,29.22,29.22,29.22,29.22,29.22,29.22,29.22,29.22,29.22,29.22
32.53,32.53,32.53,32.53,32.53,32.53,32.53,32.53,32.53,32.53,32.53,32.53,32.53,32.53,32.53,32.53,32.53,32.53,32.53,32.53
32.589,32.589,32.589,32.589,32.589,32.589,32.589,32.589,32.589,32.589,32.589,32.589,32.589,32.589,32.589,32.589,32.589,32.589,32.589,32.589
28.598,28.598,28.598,28.598,28.598,28.598,28.598,28.598,28.598,28.598,28.598,28.598,28.598,28.598,28.598,28.598,28.598,28.598,28.598,28.598
30.81,30.81,30.81,30.81,30.81,30.81,30.81,30.81,30.81,30.81,30.81,30.81,30.81,30.81,30.81,30.81,30.81,30.81,30.81,30.81
32.452,32.452,32.452,32.452,32.452,32.452,32.452,32.452,32.452,32.452,32.452,32.452,32.452,32.452,32.452,32.452,32.452,32.452,32.452,32.452
29.751,29.751,29.751,29.751,29.751,29.751,29.751,29.751,29.751,29.751,29.751,29.751,29.751,29.751,29.751,29.751,29.751,29.751,29.751,29.751
31.752,31.752,31.752,31.752,31.752,31.752,31.752,31.752,31.752,31.752,31.752,31.752,31.752,31.752,31.752,31.752,31.752,31.752,31.752,31.752
26.58,26.58,26.58,26.58,26.58,26.58,26.58,26.58,26.58,26.58,26.58,26.58,26.58,26.58,26.58,26.58,26.58,26.58,26.58,26.58
26.296,26.296,26.296,26.296,26.296,26.296,26.296,26.296,26.296,26.296,26.296,26.296,26.296,26.296,26.296,26.296,26.296,26.296,26.296,26.296
26.587,26.587,26.587,26.587,26.587,26.587,26.587,26.587,26.587,26.587,26.587,26.587,26.587,26.587,26.587,26.587,26.587,26.587,26.587,26.587
32.471,32.471,32.471,32.471,32.471,32.471,32.471,32.471,32.471,32.471,32.471,32.471,32.471,32.471,32.471,32.471,32.471,32.471,32.471,32.471
27.855,27.855,27.855,27.855,27.855,27.855,27.855,27.855,27.855,27.855,27.855,27.855,27.855,27.855,27.855,27.855,27.855,27.855,27.855,27.855
27.802,27.802,27.802,27.802,27.802,27.802,27.802,27.802,27.802,27.802,27.802,27.802,27.802,27.802,27.802,27.802,27.802,27.802,27.802,27.802
32.988,32.988,32.988,32.988,32.988,32.988,32.988,32.988,32.988,32.988,32.988,32.988,32.988,32.988,32.988,32.988,32.988,32.988,32.988,32.988
31.687,31.687,31.687,31.687,31.687,31.687,31.687,31.687,31.687,31.687,31.687,31.687,31.687,31.687,31.687,31.687,31.687,31.687,31.687,31.687
32.244,32.244,32.244,32.244,32.244,32.244,32.244,32.244,32.244,32.244,32.244,32.244,32.244,32.244,32.244,32.244,32.244,32.244,32.244,32.244
29.393,29.393,29.393,29.393,29.393,29.393,29.393,29.393,29.393,29.393,29.393,29.393,29.393,29.393,29.393,29.393,29.393,29.393,29.393,29.393
32.988,32.988,32.988,32.988,32.988,32.988,32.988,32.988,32.988,32.988,32.988,32.988,32.988,32.988,32.988,32.988,32.988,32.988,32.988,32.988
32.988,32.988,32.988,32.988,32.988,32.988,32.988,32.988,32.988,32.988,32.988,32.988,32.988,32.988,32.988,32.988,32.988,32.988,32.988,32.988
30.179,30.179,30.179,30.179,30.179,30.179,30.179,30.179,30.179,30.179,30.179,30.179,30.179,30.179,30.179,30.179,30.179,30.179,30.179,30.179
32.112,32.112,32.112,32.112,32.112,32.112,32.112,32.112,32.112,32.112,32.112,32.112,32.112,32.112,32.112,32.112,32.112,32.112,32.112,32.112
29.024,29.024,29.024,29.024,29.024,29.024,29.024,29.024,29.024,29.024,29.024,29.024,29.024,29.024,29.024,29.024,29.024,29.024,29.024,29.024
32.683,32.683,32.683,32.683,32.683,32.683,32.683,32.683,32.683,32.683,32.683,32.683,32.683,32.683,32.683,32.683,32.683,32.683,32.683,32.683
30.275,30.275,30.275,30.275,30.275,30.275,30.275,30.275,30.275,30.275,30.275,30.275,30.275,30.275,30.275,30.275,30.275,30.275,30.275,30.275
29.737,29.737,29.737,29.737,29.737,29.737,29.737,29.737,29.737,29.737,29.737,29.737,29.737,29.737,29.737,29.737,29.737,29.737,29.737,29.737
28.984,28.984,28.984,28.984,28.984,28.984,28.984,28.984,28.984,28.984,28.984,28.984,28.984,28.984,28.984,28.984,28.984,28.984,28.984,28.984
32.988,32.988,32.988,32.988,32.988,32.988,32.988,32.988,32.988,32.988,32.988,32.988,32.988,32.988,32.988,32.988,32.988,32.988,32.988,32.988
32.372,32.372,32.372,32.372,32.372,32.372,32.372,32.372,32.372,32.372,32.372,32.372,32.372,32.372,32.372,32.372,32.372,32.372,32.372,32.372
32.45,32.45,32.45,32.45,32.45,32.45,32.45,32.45,32.45,32.45,32.45,32.45,32.45,32.45,32.45,32.45,32.45,32.45,32.45,32.45
27.939,27.939,27.939,27.939,27.939,27.939,27.939,27.939,27.939,27.939,27.939,27.939,27.939,27.939,27.939,27.939,27.939,27.939,27.939,27.939
32.176,32.176,32.176,32.176,32.176,32.176,32.176,32.176,32.176,32.176,32.176,32.176,32.176,32.176,32.176,32.176,32.176,32.176,32.176,32.176
28.584,28.584,28.584,28.584,28.584,28.584,28.584,28.584,28.584,28.584,28.584,28.584,28.584,28.584,28.584,28.584,28.584,28.584,28.584,28.584
32.988,32.988,32.988,32.988,32.988,32.988,32.988,32.988,32.988,32.988,32.988,32.988,32.988,32.988,32.988,32.988,32.988,32.988,32.988,32.988
30.832,30.832,30.832,30.832,30.832,30.832,30.832,30.832,30.832,30.832,30.832,30.832,30.832,30.832,30.832,30.832,30.832,30.832,30.832,30.832
26.881,26.881,26.881,26.881,26.881,26.881,26.881,26.881,26.881,26.881,26.881,26.881,26.881,26.881,26.881,26.881,26.881,26.881,26.881,26.881
28.881,28.881,28.881,28.881,28.881,28.881,28.881,28.881,28.881,28.881,28.881,28.881,28.881,28.881,28.881,28.881,28.881,28.881,28.881,28.881
30.795,30.795,30.795,30.795,30.795,30.795,30.795,30.795,30.795,30.795,30.795,30.795,30.795,30.795,30.795,30.795,30.795,30.795,30.795,30.795
26.888,26.888,26.888,26.888,26.888,26.888,26.888,26.888,26.888,26.888,26.888,26.888,26.888,26.888,26.888,26.888,26.888,26.888,26.888,26.888
27.996,27.996,27.996,27.996,27.996,27.996,27.996,27.996,27.996,27.996,27.996,27.996,27.996,27.996,27.996,27.996,27.996,27.996,27.996,27.996
28.519,28.519,28.519,28.519,28.519,28.519,28.519,28.519,28.519,28.519,28.519,28.519,28.519,28.519,28.519,28.519,28.519,28.519,28.519,28.519
28.649,28.649,28.649,28.649,28.649,28.649,28.649,28.649,28.649,28.649,28.649,28.649,28.649,28.649,28.649,28.649,28.649,28.649,28.649,28.649
31.622,31.622,31.622,31.622,31.622,31.622,31.622,31.622,31.622,31.622,31.622,31.622,31.622,31.622,31.622,31.622,31.622,31.622,31.622,31.622
29.581,29.581,29.581,29.581,29.581,29.581,29.581,29.581,29.581,29.581,29.581,29.581,29.581,29.581,29.581,29.581,29.581,29.581,29.581,29.581
32.734,32.734,32.734,32.734,32.734,32.734,32.734,32.734,32.734,32.734,32.734,32.734,32.734,32.734,32.734,32.734,32.734,32.734,32.734,32.734
32.105,32.105,32.105,32.105,32.105,32.105,32.105,32.105,32.105,32.105,32.105,32.105,32.105,32.105,32.105,32.105,32.105,32.105,32.105,32.105
31.873,31.873,31.873,31.873,31.873,31.873,31.873,31.873,31.873,31.873,31.873,31.873,31.873,31.873,31.873,31.873,31.873,31.873,31.873,31.873
32.988,32.988,32.988,32.988,32.988,32.988,32.988,32.988,32.988,32.988,32.988,32.988,32.988,32.988,32.988,32.988,32.988,32.988,32.988,32.988
29.401,29.401,29.401,29.401,29.401,29.401,29.401,29.401,29.401,29.401,29.401,29.401,29.401,29.401,29.401,29.401,29.401,29.401,29.401,29.401
30.529,30.529,30.529,30.529,30.529,30.529,30.529,30.529,30.529,30.529,30.529,30.529,30.529,30.529,30.529,30.529,30.529,30.529,30.529,30.529
29.92,29.92,29.92,29.92,29.92,29.92,29.92,29.92,29.92,29.92,29.92,29.92,29.92,29.92,29.92,29.92,29.92,29.92,29.92,29.92
31.632,31.632,31.632,31.632,31.632,31.632,31.632,31.632,31.632,31.632,31.632,31.632,31.632,31.632,31.632,31.632,31.632,31.632,31.632,31.632
28.33,28.33,28.33,28.33,28.33,28.33,28.33,28.33,28.33,28.33,28.33,28.33,28.33,28.33,28.33,28.33,28.33,28.33,28.33,28.33
32.988,32.988,32.988,32.988,32.988,32.988,32.988,32.988,32.988,32.988,32.988,32.988,32.988,32.988,32.988,32.988,32.988,32.988,32.988,32.988
31.887,31.887,31.887,31.887,31.887,31.887,31.887,31.887,31.887,31.887,31.887,31.887,31.887,31.887,31.887,31.887,31.887,31.887,31.887,31.887
27.39,27.39,27.39,27.39,27.39,27.39,27.39,27.39,27.39,27.39,27.39,27.39,27.39,27.39,27.39,27.39,27.39,27.39,27.39,27.39
31.991,31.991,31.991,31.991,31.991,31.991,31.991,31.991,31.991,31.991,31.991,31.991,31.991,31.991,31.991,31.991,31.991,31.991,31.991,31.991
32.988,32.988,32.988,32.988,32.988,32.988,32.988,32.988,32.988,32.988,32.988,32.988,32.988,32.988,32.988,32.988,32.988,32.988,32.988,32.988
25.57,25.57,25.57,25.57,25.57,25.57,25.57,25.57,25.57,25.57,25.57,25.57,25.57,25.57,25.57,25.57,25.57,25.57,25.57,25.57
29.689,29.689,29.689,29.689,29.689,29.689,29.689,29.689,29.689,29.689,29.689,29.689,29.689,29.689,29.689,29.689,29.689,29.689,29.689,29.689
32.988,32.988,32.988,32.988,32.988,32.988,32.988,32.988,32.988,32.988,32.988,32.988,32.988,32.988,32.988,32.988,32.988,32.988,32.988,32.988
29.059,29.059,29.059,29.059,29.059,29.059,29.059,29.059,29.059,29.059,29.059,29.059,29.059,29.059,29.059,29.059,29.059,29.059,29.059,29.059
30.924,30.924,30.924,30.924,30.924,30.924,30.924,30.924,30.924,30.924,30.924,30.924,30.924,30.924,30.924,30.924,30.924,30.924,30.924,30.924
30.588,30.588,30.588,30.588,30.588,30.588,30.588,30.588,30.588,30.588,30.588,30.588,30.588,30.588,30.588,30.588,30.588,30.588,30.588,30.588
32.714,32.714,32.714,32.714,32.714,32.714,32.714,32.714,32.714,32.714,32.714,32.714,32.714,32.714,32.714,32.714,32.714,32.714,32.714,32.714
30.202,30.202,30.202,30.202,30.202,30.202,30.202,30.202,30.202,30.202,30.202,30.202,30.202,30.202,30.202,30.202,30.202,30.202,30.202,30.202
29.046,29.046,29.046,29.046,29.046,29.046,29.046,29.046,29.046,29.046,29.046,29.046,29.046,29.046,29.046,29.046,29.046,29.046,29.046,29.046
27.111,27.111,27.111,27.111,27.111,27.111,27.111,27.111,27.111,27.111,27.111,27.111,27.111,27.111,27.111,27.111,27.111,27.111,27.111,27.111
26.839,26.839,26.839,26.839,26.839,26.839,26.839,26.839,26.839,26.839,26.839,26.839,26.839,26.839,26.839,26.839,26.839,26.839,26.839,26.839
25.401,25.401,25.401,25.401,25.401,25.401,25.401,25.401,25.401,25.401,25.401,25.401,25.401,25.401,25.401,25.401,25.401,25.401,25.401,25.401
26.237,26.237,26.237,26.237,26.237,26.237,26.237,26.237,26.237,26.237,26.237,26.237,26.237,26.237,26.237,26.237,26.237,26.237,26.237,26.237
27.963,27.963,27.963,27.963,27.963,27.963,27.963,27.963,27.963,27.963,27.963,27.963,27.963,27.963,27.963,27.963,27.963,27.963,27.963,27.963
32.988,32.988,32.988,32.988,32.988,32.988,32.988,32.988,32.988,32.988,32.988,32.988,32.988,32.988,32.988,32.988,32.988,32.988,32.988,32.988
32.619,32.619,32.619,32.619,32.619,32.619,32.619,32.619,32.619,32.619,32.619,32.619,32.619,32.619,32.619,32.619,32.619,32.619,32.619,32.619
27.143,27.143,27.143,27.143,27.143,27.143,27.143,27.143,27.143,27.143,27.143,27.143,27.143,27.143,27.143,27.143,27.143,27.143,27.143,27.143
32.13,32.13,32.13,32.13,32.13,32.13,32.13,32.13,32.13,32.13,32.13,32.13,32.13,32.13,32.13,32.13,32.13,32.13,32.13,32.13
30.986,30.986,30.986,30.986,30.986,30.986,30.986,30.986,30.986,30.986,30.986,30.986,30.986,30.986,30.986,30.986,30.986,30.986,30.986,30.986
30.917,30.917,30.917,30.917,30.917,30.917,30.917,30.917,30.917,30.917,30.917,30.917,30.917,30.917,30.917,30.917,30.917,30.917,30.917,30.917
32.416,32.416,32.416,32.416,32.416,32.416,32.416,32.416,32.416,32.416,32.416,32.416,32.416,32.416,32.416,32.416,32.416,32.416,32.416,32.416
29.377,29.377,29.377,29.377,29.377,29.377,29.377,29.377,29.377,29.377,29.377,29.377,29.377,29.377,29.377,29.377,29.377,29.377,29.377,29.377
28.934,28.934,28.934,28.934,28.934,28.934,28.934,28.934,28.934,28.934,28.934,28.934,28.934,28.934,28.934,28.934,28.934,28.934,28.934,28.934
31.548,31.548,31.548,31.548,31.548,31.548,31.548,31.548,31.548,31.548,31.548,31.548,31.548,31.548,31.548,31.548,31.548,31.548,31.548,31.548
29.055,29.055,29.055,29.055,29.055,29.055,29.055,29.055,29.055,29.055,29.055,29.055,29.055,29.055,29.055,29.055,29.055,29.055,29.055,29.055
30.817,30.817,30.817,30.817,30.817,30.817,30.817,30.817,30.817,30.817,30.817,30.817,30.817,30.817,30.817,30.817,30.817,30.817,30.817,30.817
31.834,31.834,31.834,31.834,31.834,31.834,31.834,31.834,31.834,31.834,31.834,31.834,31.834,31.834,31.834,31.834,31.834,31.834,31.834,31.834
27.605,27.605,27.605,27.605,27.605,27.605,27.605,27.605,27.605,27.605,27.605,27.605,27.605,27.605,27.605,27.605,27.605,27.605,27.605,27.605
26.654,26.654,26.654,26.654,26.654,26.654,26.654,26.654,26.654,26.654,26.654,26.654,26.654,26.654,26.654,26.654,26.654,26.654,26.654,26.654
32.988,32.988,32.988,32.988,32.988,32.988,32.988,32.988,32.988,32.988,32.988,32.988,32.988,32.988,32.988,32.988,32.988,32.988,32.988,32.988
32.988,32.988,32.988,32.988,32.988,32.988,32.988,32.988,32.988,32.988,32.988,32.988,32.988,32.988,32.988,32.988,32.988,32.988,32.988,32.988
26.471,26.471,26.471,26.471,26.471,26.471,26.471,26.471,26.471,26.471,26.471,26.471,26.471,26.471,26.471,26.471,26.471,26.471,26.471,26.471
30.851,30.851,30.851,30.851,30.851,30.851,30.851,30.851,30.851,30.851,30.851,30.851,30.851,30.851,30.851,30.851,30.851,30.851,30.851,30.851
29.876,29.876,29.876,29.876,29.876,29.876,29.876,29.876,29.876,29.876,29.876,29.876,29.876,29.876,29.876,29.876,29.876,29.876,29.876,29.876
32.587,32.587,32.587,32.587,32.587,32.587,32.587,32.587,32.587,32.587,32.587,32.587,32.587,32.587,32.587,32.587,32.587,32.587,32.587,32.587
32.456,32.456,32.456,32.456,32.456,32.456,32.456,32.456,32.456,32.456,32.456,32.456,32.456,32.456,32.456,32.456,32.456,32.456,32.456,32.456
27.919,27.919,27.919,27.919,27.919,27.919,27.919,27.919,27.919,27.919,27.919,27.919,27.919,27.919,27.919,27.919,27.919,27.919,27.919,27.919
30.869,30.869,30.869,30.869,30.869,30.869,30.869,30.869,30.869,30.869,30.869,30.869,30.869,30.869,30.869,30.869,30.869,30.869,30.869,30.869
28.676,28.676,28.676,28.676,28.676,28.676,28.676,28.676,28.676,28.676,28.676,28.676,28.676,28.676,28.676,28.676,28.676,28.676,28.676,28.676
31.526,31.526,31.526,31.526,31.526,31.526,31.526,31.526,31.526,31.526,31.526,31.526,31.526,31.526,31.526,31.526,31.526,31.526,31.526,31.526
31.227,31.227,31.227,31.227,31.227,31.227,31.227,31.227,31.227,31.227,31.227,31.227,31.227,31.227,31.227,31.227,31.227,31.227,31.227,31.227
28.086,28.086,28.086,28.086,28.086,28.086,28.086,28.086,28.086,28.086,28.086,28.086,28.086,28.086,28.086,28.086,28.086,28.086,28.086,28.086
28.914,28.914,28.914,28.914,28.914,28.914,28.914,28.914,28.914,28.914,28.914,28.914,28.914,28.914,28.914,28.914,28.914,28.914,28.914,28.914
28.487,28.487,28.487,28.487,28.487,28.487,28.487,28.487,28.487,28.487,28.487,28.487,28.487,28.487,28.487,28.487,28.487,28.487,28.487,28.487
32.988,32.988,32.988,32.988,32.988,32.988,32.988,32.988,32.988,32.988,32.988,32.988,32.988,32.988,32.988,32.988,32.988,32.988,32.988,32.988
32.01,32.01,32.01,32.01,32.01,32.01,32.01,32.01,32.01,32.01,32.01,32.01,32.01,32.01,32.01,32.01,32.01,32.01,32.01,32.01
31.6,31.6,31.6,31.6,31.6,31.6,31.6,31.6,31.6,31.6,31.6,31.6,31.6,31.6,31.6,31.6,31.6,31.6,31.6,31.6
24.326,24.326,24.326,24.326,24.326,24.326,24.326,24.326,24.326,24.326,24.326,24.326,24.326,24.326,24.326,24.326,24.326,24.326,24.326,24.326
30.612,30.612,30.612,30.612,30.612,30.612,30.612,30.612,30.612,30.612,30.612,30.612,30.612,30.612,30.612,30.612,30.612,30.612,30.612,30.612
31.009,31.009,31.009,31.009,31.009,31.009,31.009,31.009,31.009,31.009,31.009,31.009,31.009,31.009,31.009,31.009,31.009,31.009,31.009,31.009
