-1.6872,-1.6872,-1.6872,-1.6872,-1.6872,-1.6872,-1.6872,-1.6872,-1.6872,-1.6872,-1.6872,-1.6872,-1.6872,-1.6872,-1.6872,-1.6872,-1.6872,-1.6872,-1.6872,-1.6872
-2.4098,-2.4098,-2.4098,-2.4098,-2.4098,-2.4098,-2.4098,-2.4098,-2.4098,-2.4098,-2.4098,-2.4098,-2.4098,-2.4098,-2.4098,-2.4098,-2.4098,-2.4098,-2.4098,-2.4098
-1.8396,-1.8396,-1.8396,-1.8396,-1.8396,-1.8396,-1.8396,-1.8396,-1.8396,-1.8396,-1.8396,-1.8396,-1.8396,-1.8396,-1.8396,-1.8396,-1.8396,-1.8396,-1.8396,-1.8396
-1.6046,-1.6046,-1.6046,-1.6046,-1.6046,-1.6046,-1.6046,-1.6046,-1.6046,-1.6046,-1.6046,-1.6046,-1.6046,-1.6046,-1.6046,-1.6046,-1.6046,-1.6046,-1.6046,-1.6046
-1.8725,-1.8725,-1.8725,-1.8725,-1.8725,-1.8725,-1.8725,-1.8725,-1.8725,-1.8725,-1.8725,-1.8725,-1.8725,-1.8725,-1.8725,-1.8725,-1.8725,-1.8725,-1.8725,-1.8725
-1.6655,-1.6655,-1.6655,-1.6655,-1.6655,-1.6655,-1.6655,-1.6655,-1.6655,-1.6655,-1.6655,-1.6655,-1.6655,-1.6655,-1.6655,-1.6655,-1.6655,-1.6655,-1.6655,-1.6655
-1.8349,-1.8349,-1.8349,-1.8349,-1.8349,-1.8349,-1.8349,-1.8349,-1.8349,-1.8349,-1.8349,-1.8349,-1.8349,-1.8349,-1.8349,-1.8349,-1.8349,-1.8349,-1.8349,-1.8349
-1.1012,-1.1012,-1.1012,-1.1012,-1.1012,-1.1012,-1.1012,-1.1012,-1.1012,-1.1012,-1.1012,-1.1012,-1.1012,-1.1012,-1.1012,-1.1012,-1.1012,-1.1012,-1.1012,-1.1012
-1.609,-1.609,-1.609,-1.609,-1.609,-1.609,-1.609,-1.609,-1.609,-1.609,-1.609,-1.609,-1.609,-1.609,-1.609,-1.609,-1.609,-1.609,-1.609,-1.609
-1.3119,-1.3119,-1.3119,-1.3119,-1.3119,-1.3119,-1.3119,-1.3119,-1.3119,-1.3119,-1.3119,-1.3119,-1.3119,-1.3119,-1.3119,-1.3119,-1.3119,-1.3119,-1.3119,-1.3119
-2.1003,-2.1003,-2.1003,-2.1003,-2.1003,-2.1003,-2.1003,-2.1003,-2.1003,-2.1003,-2.1003,-2.1003,-2.1003,-2.1003,-2.1003,-2.1003,-2.1003,-2.1003,-2.1003,-2.1003
-2.1843,-2.1843,-2.1843,-2.1843,-2.1843,-2.1843,-2.1843,-2.1843,-2.1843,-2.1843,-2.1843,-2.1843,-2.1843,-2.1843,-2.1843,-2.1843,-2.1843,-2.1843,-2.1843,-2.1843
-1.7352,-1.7352,-1.7352,-1.7352,-1.7352,-1.7352,-1.7352,-1.7352,-1.7352,-1.7352,-1.7352,-1.7352,-1.7352,-1.7352,-1.7352,-1.7352,-1.7352,-1.7352,-1.7352,-1.7352
-2.2267,-2.2267,-2.2267,-2.2267,-2.2267,-2.2267,-2.2267,-2.2267,-2.2267,-2.2267,-2.2267,-2.2267,-2.2267,-2.2267,-2.2267,-2.2267,-2.2267,-2.2267,-2.2267,-2.2267
-0.57824,-0.57824,-0.57824,-0.57824,-0.57824,-0.57824,-0.57824,-0.57824,-0.57824,-0.57824,-0.57824,-0.57824,-0.57824,-0.57824,-0.57824,-0.57824,-0.57824,-0.57824,-0.57824,-0.57824
-1.6509,-1.6509,-1.6509,-1.6509,-1.6509,-1.6509,-1.6509,-1.6509,-1.6509,-1.6509,-1.6509,-1.6509,-1.6509,-1.6509,-1.6509,-1.6509,-1.6509,-1.6509,-1.6509,-1.6509
-1.606,-1.606,-1.606,-1.606,-1.606,-1.606,-1.606,-1.606,-1.606,-1.606,-1.606,-1.606,-1.606,-1.606,-1.606,-1.606,-1.606,-1.606,-1.606,-1.606
-1.7281,-1.7281,-1.7281,-1.7281,-1.7281,-1.7281,-1.7281,-1.7281,-1.7281,-1.7281,-1.7281,-1.7281,-1.7281,-1.7281,-1.7281,-1.7281,-1.7281,-1.7281,-1.7281,-1.7281
-1.453,-1.453,-1.453,-1.453,-1.453,-1.453,-1.453,-1.453,-1.453,-1.453,-1.453,-1.453,-1.453,-1.453,-1.453,-1.453,-1.453,-1.453,-1.453,-1.453
-1.699,-1.699,-1.699,-1.699,-1.699,-1.699,-1.699,-1.699,-1.699,-1.699,-1.699,-1.699,-1.699,-1.699,-1.699,-1.699,-1.699,-1.699,-1.699,-1.699
-2.0657,-2.0657,-2.0657,-2.0657,-2.0657,-2.0657,-2.0657,-2.0657,-2.0657,-2.0657,-2.0657,-2.0657,-2.0657,-2.0657,-2.0657,-2.0657,-2.0657,-2.0657,-2.0657,-2.0657
-2.0212,-2.0212,-2.0212,-2.0212,-2.0212,-2.0212,-2.0212,-2.0212,-2.0212,-2.0212,-2.0212,-2.0212,-2.0212,-2.0212,-2.0212,-2.0212,-2.0212,-2.0212,-2.0212,-2.0212
-1.1493,-1.1493,-1.1493,-1.1493,-1.1493,-1.1493,-1.1493,-1.1493,-1.1493,-1.1493,-1.1493,-1.1493,-1.1493,-1.1493,-1.1493,-1.1493,-1.1493,-1.1493,-1.1493,-1.1493
-2.145,-2.145,-2.145,-2.145,-2.145,-2.145,-2.145,-2.145,-2.145,-2.145,-2.145,-2.145,-2.145,-2.145,-2.145,-2.145,-2.145,-2.145,-2.145,-2.145
-2.0535,-2.0535,-2.0535,-2.0535,-2.0535,-2.0535,-2.0535,-2.0535,-2.0535,-2.0535,-2.0535,-2.0535,-2.0535,-2.0535,-2.0535,-2.0535,-2.0535,-2.0535,-2.0535,-2.0535
-0.66703,-0.66703,-0.66703,-0.66703,-0.66703,-0.66703,-0.66703,-0.66703,-0.66703,-0.66703,-0.66703,-0.66703,-0.66703,-0.66703,-0.66703,-0.66703,-0.66703,-0.66703,-0.66703,-0.66703
-2.0364,-2.0364,-2.0364,-2.0364,-2.0364,-2.0364,-2.0364,-2.0364,-2.0364,-2.0364,-2.0364,-2.0364,-2.0364,-2.0364,-2.0364,-2.0364,-2.0364,-2.0364,-2.0364,-2.0364
-2.8518,-2.8518,-2.8518,-2.8518,-2.8518,-2.8518,-2.8518,-2.8518,-2.8518,-2.8518,-2.8518,-2.8518,-2.8518,-2.8518,-2.8518,-2.8518,-2.8518,-2.8518,-2.8518,-2.8518
-1.9428,-1.9428,-1.9428,-1.9428,-1.9428,-1.9428,-1.9428,-1.9428,-1.9428,-1.9428,-1.9428,-1.9428,-1.9428,-1.9428,-1.9428,-1.9428,-1.9428,-1.9428,-1.9428,-1.9428
-1.818,-1.818,-1.818,-1.818,-1.818,-1.818,-1.818,-1.818,-1.818,-1.818,-1.818,-1.818,-1.818,-1.818,-1.818,-1.818,-1.818,-1.818,-1.818,-1.818
-2.3334,-2.3334,-2.3334,-2.3334,-2.3334,-2.3334,-2.3334,-2.3334,-2.3334,-2.3334,-2.3334,-2.3334,-2.3334,-2.3334,-2.3334,-2.3334,-2.3334,-2.3334,-2.3334,-2.3334
0.051544,0.051544,0.051544,0.051544,0.051544,0.051544,0.051544,0.051544,0.051544,0.051544,0.051544,0.051544,0.051544,0.051544,0.051544,0.051544,0.051544,0.051544,0.051544,0.051544
-2.0753,-2.0753,-2.0753,-2.0753,-2.0753,-2.0753,-2.0753,-2.0753,-2.0753,-2.0753,-2.0753,-2.0753,-2.0753,-2.0753,-2.0753,-2.0753,-2.0753,-2.0753,-2.0753,-2.0753
-1.451,-1.451,-1.451,-1.451,-1.451,-1.451,-1.451,-1.451,-1.451,-1.451,-1.451,-1.451,-1.451,-1.451,-1.451,-1.451,-1.451,-1.451,-1.451,-1.451
-2.287,-2.287,-2.287,-2.287,-2.287,-2.287,-2.287,-2.287,-2.287,-2.287,-2.287,-2.287,-2.287,-2.287,-2.287,-2.287,-2.287,-2.287,-2.287,-2.287
-2.1083,-2.1083,-2.1083,-2.1083,-2.1083,-2.1083,-2.1083,-2.1083,-2.1083,-2.1083,-2.1083,-2.1083,-2.1083,-2.1083,-2.1083,-2.1083,-2.1083,-2.1083,-2.1083,-2.1083
-1.8767,-1.8767,-1.8767,-1.8767,-1.8767,-1.8767,-1.8767,-1.8767,-1.8767,-1.8767,-1.8767,-1.8767,-1.8767,-1.8767,-1.8767,-1.8767,-1.8767,-1.8767,-1.8767,-1.8767
-2.1118,-2.1118,-2.1118,-2.1118,-2.1118,-2.1118,-2.1118,-2.1118,-2.1118,-2.1118,-2.1118,-2.1118,-2.1118,-2.1118,-2.1118,-2.1118,-2.1118,-2.1118,-2.1118,-2.1118
-1.5029,-1.5029,-1.5029,-1.5029,-1.5029,-1.5029,-1.5029,-1.5029,-1.5029,-1.5029,-1.5029,-1.5029,-1.5029,-1.5029,-1.5029,-1.5029,-1.5029,-1.5029,-1.5029,-1.5029
-2.3163,-2.3163,-2.3163,-2.3163,-2.3163,-2.3163,-2.3163,-2.3163,-2.3163,-2.3163,-2.3163,-2.3163,-2.3163,-2.3163,-2.3163,-2.3163,-2.3163,-2.3163,-2.3163,-2.3163
-1.4248,-1.4248,-1.4248,-1.4248,-1.4248,-1.4248,-1.4248,-1.4248,-1.4248,-1.4248,-1.4248,-1.4248,-1.4248,-1.4248,-1.4248,-1.4248,-1.4248,-1.4248,-1.4248,-1.4248
-1.5189,-1.5189,-1.5189,-1.5189,-1.5189,-1.5189,-1.5189,-1.5189,-1.5189,-1.5189,-1.5189,-1.5189,-1.5189,-1.5189,-1.5189,-1.5189,-1.5189,-1.5189,-1.5189,-1.5189
-1.8118,-1.8118,-1.8118,-1.8118,-1.8118,-1.8118,-1.8118,-1.8118,-1.8118,-1.8118,-1.8118,-1.8118,-1.8118,-1.8118,-1.8118,-1.8118,-1.8118,-1.8118,-1.8118,-1.8118
-2.0682,-2.0682,-2.0682,-2.0682,-2.0682,-2.0682,-2.0682,-2.0682,-2.0682,-2.0682,-2.0682,-2.0682,-2.0682,-2.0682,-2.0682,-2.0682,-2.0682,-2.0682,-2.0682,-2.0682
-1.6932,-1.6932,-1.6932,-1.6932,-1.6932,-1.6932,-1.6932,-1.6932,-1.6932,-1.6932,-1.6932,-1.6932,-1.6932,-1.6932,-1.6932,-1.6932,-1.6932,-1.6932,-1.6932,-1.6932
-1.6248,-1.6248,-1.6248,-1.6248,-1.6248,-1.6248,-1.6248,-1.6248,-1.6248,-1.6248,-1.6248,-1.6248,-1.6248,-1.6248,-1.6248,-1.6248,-1.6248,-1.6248,-1.6248,-1.6248
-1.7059,-1.7059,-1.7059,-1.7059,-1.7059,-1.7059,-1.7059,-1.7059,-1.7059,-1.7059,-1.7059,-1.7059,-1.7059,-1.7059,-1.7059,-1.7059,-1.7059,-1.7059,-1.7059,-1.7059
-1.7963,-1.7963,-1.7963,-1.7963,-1.7963,-1.7963,-1.7963,-1.7963,-1.7963,-1.7963,-1.7963,-1.7963,-1.7963,-1.7963,-1.7963,-1.7963,-1.7963,-1.7963,-1.7963,-1.7963
-1.9622,-1.9622,-1.9622,-1.9622,-1.9622,-1.9622,-1.9622,-1.9622,-1.9622,-1.9622,-1.9622,-1.9622,-1.9622,-1.9622,-1.9622,-1.9622,-1.9622,-1.9622,-1.9622,-1.9622
-1.2363,-1.2363,-1.2363,-1.2363,-1.2363,-1.2363,-1.2363,-1.2363,-1.2363,-1.2363,-1.2363,-1.2363,-1.2363,-1.2363,-1.2363,-1.2363,-1.2363,-1.2363,-1.2363,-1.2363
-1.2787,-1.2787,-1.2787,-1.2787,-1.2787,-1.2787,-1.2787,-1.2787,-1.2787,-1.2787,-1.2787,-1.2787,-1.2787,-1.2787,-1.2787,-1.2787,-1.2787,-1.2787,-1.2787,-1.2787
-1.6038,-1.6038,-1.6038,-1.6038,-1.6038,-1.6038,-1.6038,-1.6038,-1.6038,-1.6038,-1.6038,-1.6038,-1.6038,-1.6038,-1.6038,-1.6038,-1.6038,-1.6038,-1.6038,-1.6038
-1.925,-1.925,-1.925,-1.925,-1.925,-1.925,-1.925,-1.925,-1.925,-1.925,-1.925,-1.925,-1.925,-1.925,-1.925,-1.925,-1.925,-1.925,-1.925,-1.925
-1.2867,-1.2867,-1.2867,-1.2867,-1.2867,-1.2867,-1.2867,-1.2867,-1.2867,-1.2867,-1.2867,-1.2867,-1.2867,-1.2867,-1.2867,-1.2867,-1.2867,-1.2867,-1.2867,-1.2867
-0.79223,-0.79223,-0.79223,-0.79223,-0.79223,-0.79223,-0.79223,-0.79223,-0.79223,-0.79223,-0.79223,-0.79223,-0.79223,-0.79223,-0.79223,-0.79223,-0.79223,-0.79223,-0.79223,-0.79223
-1.6822,-1.6822,-1.6822,-1.6822,-1.6822,-1.6822,-1.6822,-1.6822,-1.6822,-1.6822,-1.6822,-1.6822,-1.6822,-1.6822,-1.6822,-1.6822,-1.6822,-1.6822,-1.6822,-1.6822
-0.97826,-0.97826,-0.97826,-0.97826,-0.97826,-0.97826,-0.97826,-0.97826,-0.97826,-0.97826,-0.97826,-0.97826,-0.97826,-0.97826,-0.97826,-0.97826,-0.97826,-0.97826,-0.97826,-0.97826
-0.35071,-0.35071,-0.35071,-0.35071,-0.35071,-0.35071,-0.35071,-0.35071,-0.35071,-0.35071,-0.35071,-0.35071,-0.35071,-0.35071,-0.35071,-0.35071,-0.35071,-0.35071,-0.35071,-0.35071
-1.7735,-1.7735,-1.7735,-1.7735,-1.7735,-1.7735,-1.7735,-1.7735,-1.7735,-1.7735,-1.7735,-1.7735,-1.7735,-1.7735,-1.7735,-1.7735,-1.7735,-1.7735,-1.7735,-1.7735
-2.1542,-2.1542,-2.1542,-2.1542,-2.1542,-2.1542,-2.1542,-2.1542,-2.1542,-2.1542,-2.1542,-2.1542,-2.1542,-2.1542,-2.1542,-2.1542,-2.1542,-2.1542,-2.1542,-2.1542
-1.9905,-1.9905,-1.9905,-1.9905,-1.9905,-1.9905,-1.9905,-1.9905,-1.9905,-1.9905,-1.9905,-1.9905,-1.9905,-1.9905,-1.9905,-1.9905,-1.9905,-1.9905,-1.9905,-1.9905
-1.7633,-1.7633,-1.7633,-1.7633,-1.7633,-1.7633,-1.7633,-1.7633,-1.7633,-1.7633,-1.7633,-1.7633,-1.7633,-1.7633,-1.7633,-1.7633,-1.7633,-1.7633,-1.7633,-1.7633
-1.7841,-1.7841,-1.7841,-1.7841,-1.7841,-1.7841,-1.7841,-1.7841,-1.7841,-1.7841,-1.7841,-1.7841,-1.7841,-1.7841,-1.7841,-1.7841,-1.7841,-1.7841,-1.7841,-1.7841
-1.6367,-1.6367,-1.6367,-1.6367,-1.6367,-1.6367,-1.6367,-1.6367,-1.6367,-1.6367,-1.6367,-1.6367,-1.6367,-1.6367,-1.6367,-1.6367,-1.6367,-1.6367,-1.6367,-1.6367
-1.8547,-1.8547,-1.8547,-1.8547,-1.8547,-1.8547,-1.8547,-1.8547,-1.8547,-1.8547,-1.8547,-1.8547,-1.8547,-1.8547,-1.8547,-1.8547,-1.8547,-1.8547,-1.8547,-1.8547
-1.6673,-1.6673,-1.6673,-1.6673,-1.6673,-1.6673,-1.6673,-1.6673,-1.6673,-1.6673,-1.6673,-1.6673,-1.6673,-1.6673,-1.6673,-1.6673,-1.6673,-1.6673,-1.6673,-1.6673
-2.1071,-2.1071,-2.1071,-2.1071,-2.1071,-2.1071,-2.1071,-2.1071,-2.1071,-2.1071,-2.1071,-2.1071,-2.1071,-2.1071,-2.1071,-2.1071,-2.1071,-2.1071,-2.1071,-2.1071
-1.8665,-1.8665,-1.8665,-1.8665,-1.8665,-1.8665,-1.8665,-1.8665,-1.8665,-1.8665,-1.8665,-1.8665,-1.8665,-1.8665,-1.8665,-1.8665,-1.8665,-1.8665,-1.8665,-1.8665
-1.6855,-1.6855,-1.6855,-1.6855,-1.6855,-1.6855,-1.6855,-1.6855,-1.6855,-1.6855,-1.6855,-1.6855,-1.6855,-1.6855,-1.6855,-1.6855,-1.6855,-1.6855,-1.6855,-1.6855
-1.7757,-1.7757,-1.7757,-1.7757,-1.7757,-1.7757,-1.7757,-1.7757,-1.7757,-1.7757,-1.7757,-1.7757,-1.7757,-1.7757,-1.7757,-1.7757,-1.7757,-1.7757,-1.7757,-1.7757
-2.4727,-2.4727,-2.4727,-2.4727,-2.4727,-2.4727,-2.4727,-2.4727,-2.4727,-2.4727,-2.4727,-2.4727,-2.4727,-2.4727,-2.4727,-2.4727,-2.4727,-2.4727,-2.4727,-2.4727
-1.983,-1.983,-1.983,-1.983,-1.983,-1.983,-1.983,-1.983,-1.983,-1.983,-1.983,-1.983,-1.983,-1.983,-1.983,-1.983,-1.983,-1.983,-1.983,-1.983
-1.0063,-1.0063,-1.0063,-1.0063,-1.0063,-1.0063,-1.0063,-1.0063,-1.0063,-1.0063,-1.0063,-1.0063,-1.0063,-1.0063,-1.0063,-1.0063,-1.0063,-1.0063,-1.0063,-1.0063
-2.05,-2.05,-2.05,-2.05,-2.05,-2.05,-2.05,-2.05,-2.05,-2.05,-2.05,-2.05,-2.05,-2.05,-2.05,-2.05,-2.05,-2.05,-2.05,-2.05
-2.0648,-2.0648,-2.0648,-2.0648,-2.0648,-2.0648,-2.0648,-2.0648,-2.0648,-2.0648,-2.0648,-2.0648,-2.0648,-2.0648,-2.0648,-2.0648,-2.0648,-2.0648,-2.0648,-2.0648
-2.2204,-2.2204,-2.2204,-2.2204,-2.2204,-2.2204,-2.2204,-2.2204,-2.2204,-2.2204,-2.2204,-2.2204,-2.2204,-2.2204,-2.2204,-2.2204,-2.2204,-2.2204,-2.2204,-2.2204
-2.18,-2.18,-2.18,-2.18,-2.18,-2.18,-2.18,-2.18,-2.18,-2.18,-2.18,-2.18,-2.18,-2.18,-2.18,-2.18,-2.18,-2.18,-2.18,-2.18
-2.068,-2.068,-2.068,-2.068,-2.068,-2.068,-2.068,-2.068,-2.068,-2.068,-2.068,-2.068,-2.068,-2.068,-2.068,-2.068,-2.068,-2.068,-2.068,-2.068
-1.0039,-1.0039,-1.0039,-1.0039,-1.0039,-1.0039,-1.0039,-1.0039,-1.0039,-1.0039,-1.0039,-1.0039,-1.0039,-1.0039,-1.0039,-1.0039,-1.0039,-1.0039,-1.0039,-1.0039
-2.209,-2.209,-2.209,-2.209,-2.209,-2.209,-2.209,-2.209,-2.209,-2.209,-2.209,-2.209,-2.209,-2.209,-2.209,-2.209,-2.209,-2.209,-2.209,-2.209
-2.0202,-2.0202,-2.0202,-2.0202,-2.0202,-2.0202,-2.0202,-2.0202,-2.0202,-2.0202,-2.0202,-2.0202,-2.0202,-2.0202,-2.0202,-2.0202,-2.0202,-2.0202,-2.0202,-2.0202
-2.2212,-2.2212,-2.2212,-2.2212,-2.2212,-2.2212,-2.2212,-2.2212,-2.2212,-2.2212,-2.2212,-2.2212,-2.2212,-2.2212,-2.2212,-2.2212,-2.2212,-2.2212,-2.2212,-2.2212
-1.7911,-1.7911,-1.7911,-1.7911,-1.7911,-1.7911,-1.7911,-1.7911,-1.7911,-1.7911,-1.7911,-1.7911,-1.7911,-1.7911,-1.7911,-1.7911,-1.7911,-1.7911,-1.7911,-1.7911
-2.078,-2.078,-2.078,-2.078,-2.078,-2.078,-2.078,-2.078,-2.078,-2.078,-2.078,-2.078,-2.078,-2.078,-2.078,-2.078,-2.078,-2.078,-2.078,-2.078
-1.707,-1.707,-1.707,-1.707,-1.707,-1.707,-1.707,-1.707,-1.707,-1.707,-1.707,-1.707,-1.707,-1.707,-1.707,-1.707,-1.707,-1.707,-1.707,-1.707
-2.2222,-2.2222,-2.2222,-2.2222,-2.2222,-2.2222,-2.2222,-2.2222,-2.2222,-2.2222,-2.2222,-2.2222,-2.2222,-2.2222,-2.2222,-2.2222,-2.2222,-2.2222,-2.2222,-2.2222
-2.0098,-2.0098,-2.0098,-2.0098,-2.0098,-2.0098,-2.0098,-2.0098,-2.0098,-2.0098,-2.0098,-2.0098,-2.0098,-2.0098,-2.0098,-2.0098,-2.0098,-2.0098,-2.0098,-2.0098
-2.1789,-2.1789,-2.1789,-2.1789,-2.1789,-2.1789,-2.1789,-2.1789,-2.1789,-2.1789,-2.1789,-2.1789,-2.1789,-2.1789,-2.1789,-2.1789,-2.1789,-2.1789,-2.1789,-2.1789
-2.1241,-2.1241,-2.1241,-2.1241,-2.1241,-2.1241,-2.1241,-2.1241,-2.1241,-2.1241,-2.1241,-2.1241,-2.1241,-2.1241,-2.1241,-2.1241,-2.1241,-2.1241,-2.1241,-2.1241
-0.90188,-0.90188,-0.90188,-0.90188,-0.90188,-0.90188,-0.90188,-0.90188,-0.90188,-0.90188,-0.90188,-0.90188,-0.90188,-0.90188,-0.90188,-0.90188,-0.90188,-0.90188,-0.90188,-0.90188
-0.8422,-0.8422,-0.8422,-0.8422,-0.8422,-0.8422,-0.8422,-0.8422,-0.8422,-0.8422,-0.8422,-0.8422,-0.8422,-0.8422,-0.8422,-0.8422,-0.8422,-0.8422,-0.8422,-0.8422
-1.9222,-1.9222,-1.9222,-1.9222,-1.9222,-1.9222,-1.9222,-1.9222,-1.9222,-1.9222,-1.9222,-1.9222,-1.9222,-1.9222,-1.9222,-1.9222,-1.9222,-1.9222,-1.9222,-1.9222
-1.7844,-1.7844,-1.7844,-1.7844,-1.7844,-1.7844,-1.7844,-1.7844,-1.7844,-1.7844,-1.7844,-1.7844,-1.7844,-1.7844,-1.7844,-1.7844,-1.7844,-1.7844,-1.7844,-1.7844
-1.8207,-1.8207,-1.8207,-1.8207,-1.8207,-1.8207,-1.8207,-1.8207,-1.8207,-1.8207,-1.8207,-1.8207,-1.8207,-1.8207,-1.8207,-1.8207,-1.8207,-1.8207,-1.8207,-1.8207
-2.073,-2.073,-2.073,-2.073,-2.073,-2.073,-2.073,-2.073,-2.073,-2.073,-2.073,-2.073,-2.073,-2.073,-2.073,-2.073,-2.073,-2.073,-2.073,-2.073
-1.328,-1.328,-1.328,-1.328,-1.328,-1.328,-1.328,-1.328,-1.328,-1.328,-1.328,-1.328,-1.328,-1.328,-1.328,-1.328,-1.328,-1.328,-1.328,-1.328
-2.019,-2.019,-2.019,-2.019,-2.019,-2.019,-2.019,-2.019,-2.019,-2.019,-2.019,-2.019,-2.019,-2.019,-2.019,-2.019,-2.019,-2.019,-2.019,-2.019
-2.4985,-2.4985,-2.4985,-2.4985,-2.4985,-2.4985,-2.4985,-2.4985,-2.4985,-2.4985,-2.4985,-2.4985,-2.4985,-2.4985,-2.4985,-2.4985,-2.4985,-2.4985,-2.4985,-2.4985
-1.3267,-1.3267,-1.3267,-1.3267,-1.3267,-1.3267,-1.3267,-1.3267,-1.3267,-1.3267,-1.3267,-1.3267,-1.3267,-1.3267,-1.3267,-1.3267,-1.3267,-1.3267,-1.3267,-1.3267
-1.3699,-1.3699,-1.3699,-1.3699,-1.3699,-1.3699,-1.3699,-1.3699,-1.3699,-1.3699,-1.3699,-1.3699,-1.3699,-1.3699,-1.3699,-1.3699,-1.3699,-1.3699,-1.3699,-1.3699
-2.1369,-2.1369,-2.1369,-2.1369,-2.1369,-2.1369,-2.1369,-2.1369,-2.1369,-2.1369,-2.1369,-2.1369,-2.1369,-2.1369,-2.1369,-2.1369,-2.1369,-2.1369,-2.1369,-2.1369
-0.025135,-0.025135,-0.025135,-0.025135,-0.025135,-0.025135,-0.025135,-0.025135,-0.025135,-0.025135,-0.025135,-0.025135,-0.025135,-0.025135,-0.025135,-0.025135,-0.025135,-0.025135,-0.025135,-0.025135
-1.6738,-1.6738,-1.6738,-1.6738,-1.6738,-1.6738,-1.6738,-1.6738,-1.6738,-1.6738,-1.6738,-1.6738,-1.6738,-1.6738,-1.6738,-1.6738,-1.6738,-1.6738,-1.6738,-1.6738
-2.144,-2.144,-2.144,-2.144,-2.144,-2.144,-2.144,-2.144,-2.144,-2.144,-2.144,-2.144,-2.144,-2.144,-2.144,-2.144,-2.144,-2.144,-2.144,-2.144
-1.859,-1.859,-1.859,-1.859,-1.859,-1.859,-1.859,-1.859,-1.859,-1.859,-1.859,-1.859,-1.859,-1.859,-1.859,-1.859,-1.859,-1.859,-1.859,-1.859
-1.8851,-1.8851,-1.8851,-1.8851,-1.8851,-1.8851,-1.8851,-1.8851,-1.8851,-1.8851,-1.8851,-1.8851,-1.8851,-1.8851,-1.8851,-1.8851,-1.8851,-1.8851,-1.8851,-1.8851
-2.1946,-2.1946,-2.1946,-2.1946,-2.1946,-2.1946,-2.1946,-2.1946,-2.1946,-2.1946,-2.1946,-2.1946,-2.1946,-2.1946,-2.1946,-2.1946,-2.1946,-2.1946,-2.1946,-2.1946
-2.4646,-2.4646,-2.4646,-2.4646,-2.4646,-2.4646,-2.4646,-2.4646,-2.4646,-2.4646,-2.4646,-2.4646,-2.4646,-2.4646,-2.4646,-2.4646,-2.4646,-2.4646,-2.4646,-2.4646
-1.5349,-1.5349,-1.5349,-1.5349,-1.5349,-1.5349,-1.5349,-1.5349,-1.5349,-1.5349,-1.5349,-1.5349,-1.5349,-1.5349,-1.5349,-1.5349,-1.5349,-1.5349,-1.5349,-1.5349
-1.244,-1.244,-1.244,-1.244,-1.244,-1.244,-1.244,-1.244,-1.244,-1.244,-1.244,-1.244,-1.244,-1.244,-1.244,-1.244,-1.244,-1.244,-1.244,-1.244
-1.6207,-1.6207,-1.6207,-1.6207,-1.6207,-1.6207,-1.6207,-1.6207,-1.6207,-1.6207,-1.6207,-1.6207,-1.6207,-1.6207,-1.6207,-1.6207,-1.6207,-1.6207,-1.6207,-1.6207
-1.3507,-1.3507,-1.3507,-1.3507,-1.3507,-1.3507,-1.3507,-1.3507,-1.3507,-1.3507,-1.3507,-1.3507,-1.3507,-1.3507,-1.3507,-1.3507,-1.3507,-1.3507,-1.3507,-1.3507
-1.8399,-1.8399,-1.8399,-1.8399,-1.8399,-1.8399,-1.8399,-1.8399,-1.8399,-1.8399,-1.8399,-1.8399,-1.8399,-1.8399,-1.8399,-1.8399,-1.8399,-1.8399,-1.8399,-1.8399
-2.0464,-2.0464,-2.0464,-2.0464,-2.0464,-2.0464,-2.0464,-2.0464,-2.0464,-2.0464,-2.0464,-2.0464,-2.0464,-2.0464,-2.0464,-2.0464,-2.0464,-2.0464,-2.0464,-2.0464
-2.1666,-2.1666,-2.1666,-2.1666,-2.1666,-2.1666,-2.1666,-2.1666,-2.1666,-2.1666,-2.1666,-2.1666,-2.1666,-2.1666,-2.1666,-2.1666,-2.1666,-2.1666,-2.1666,-2.1666
-1.9742,-1.9742,-1.9742,-1.9742,-1.9742,-1.9742,-1.9742,-1.9742,-1.9742,-1.9742,-1.9742,-1.9742,-1.9742,-1.9742,-1.9742,-1.9742,-1.9742,-1.9742,-1.9742,-1.9742
-2.1302,-2.1302,-2.1302,-2.1302,-2.1302,-2.1302,-2.1302,-2.1302,-2.1302,-2.1302,-2.1302,-2.1302,-2.1302,-2.1302,-2.1302,-2.1302,-2.1302,-2.1302,-2.1302,-2.1302
-1.3848,-1.3848,-1.3848,-1.3848,-1.3848,-1.3848,-1.3848,-1.3848,-1.3848,-1.3848,-1.3848,-1.3848,-1.3848,-1.3848,-1.3848,-1.3848,-1.3848,-1.3848,-1.3848,-1.3848
-1.8761,-1.8761,-1.8761,-1.8761,-1.8761,-1.8761,-1.8761,-1.8761,-1.8761,-1.8761,-1.8761,-1.8761,-1.8761,-1.8761,-1.8761,-1.8761,-1.8761,-1.8761,-1.8761,-1.8761
-2.1437,-2.1437,-2.1437,-2.1437,-2.1437,-2.1437,-2.1437,-2.1437,-2.1437,-2.1437,-2.1437,-2.1437,-2.1437,-2.1437,-2.1437,-2.1437,-2.1437,-2.1437,-2.1437,-2.1437
-1.7551,-1.7551,-1.7551,-1.7551,-1.7551,-1.7551,-1.7551,-1.7551,-1.7551,-1.7551,-1.7551,-1.7551,-1.7551,-1.7551,-1.7551,-1.7551,-1.7551,-1.7551,-1.7551,-1.7551
-1.7741,-1.7741,-1.7741,-1.7741,-1.7741,-1.7741,-1.7741,-1.7741,-1.7741,-1.7741,-1.7741,-1.7741,-1.7741,-1.7741,-1.7741,-1.7741,-1.7741,-1.7741,-1.7741,-1.7741
-2.1238,-2.1238,-2.1238,-2.1238,-2.1238,-2.1238,-2.1238,-2.1238,-2.1238,-2.1238,-2.1238,-2.1238,-2.1238,-2.1238,-2.1238,-2.1238,-2.1238,-2.1238,-2.1238,-2.1238
-1.884,-1.884,-1.884,-1.884,-1.884,-1.884,-1.884,-1.884,-1.884,-1.884,-1.884,-1.884,-1.884,-1.884,-1.884,-1.884,-1.884,-1.884,-1.884,-1.884
-1.8055,-1.8055,-1.8055,-1.8055,-1.8055,-1.8055,-1.8055,-1.8055,-1.8055,-1.8055,-1.8055,-1.8055,-1.8055,-1.8055,-1.8055,-1.8055,-1.8055,-1.8055,-1.8055,-1.8055
-1.6714,-1.6714,-1.6714,-1.6714,-1.6714,-1.6714,-1.6714,-1.6714,-1.6714,-1.6714,-1.6714,-1.6714,-1.6714,-1.6714,-1.6714,-1.6714,-1.6714,-1.6714,-1.6714,-1.6714
-1.4856,-1.4856,-1.4856,-1.4856,-1.4856,-1.4856,-1.4856,-1.4856,-1.4856,-1.4856,-1.4856,-1.4856,-1.4856,-1.4856,-1.4856,-1.4856,-1.4856,-1.4856,-1.4856,-1.4856
-1.6979,-1.6979,-1.6979,-1.6979,-1.6979,-1.6979,-1.6979,-1.6979,-1.6979,-1.6979,-1.6979,-1.6979,-1.6979,-1.6979,-1.6979,-1.6979,-1.6979,-1.6979,-1.6979,-1.6979
-2.0206,-2.0206,-2.0206,-2.0206,-2.0206,-2.0206,-2.0206,-2.0206,-2.0206,-2.0206,-2.0206,-2.0206,-2.0206,-2.0206,-2.0206,-2.0206,-2.0206,-2.0206,-2.0206,-2.0206
-2.1468,-2.1468,-2.1468,-2.1468,-2.1468,-2.1468,-2.1468,-2.1468,-2.1468,-2.1468,-2.1468,-2.1468,-2.1468,-2.1468,-2.1468,-2.1468,-2.1468,-2.1468,-2.1468,-2.1468
-1.3157,-1.3157,-1.3157,-1.3157,-1.3157,-1.3157,-1.3157,-1.3157,-1.3157,-1.3157,-1.3157,-1.3157,-1.3157,-1.3157,-1.3157,-1.3157,-1.3157,-1.3157,-1.3157,-1.3157
-2.3845,-2.3845,-2.3845,-2.3845,-2.3845,-2.3845,-2.3845,-2.3845,-2.3845,-2.3845,-2.3845,-2.3845,-2.3845,-2.3845,-2.3845,-2.3845,-2.3845,-2.3845,-2.3845,-2.3845
-1.7134,-1.7134,-1.7134,-1.7134,-1.7134,-1.7134,-1.7134,-1.7134,-1.7134,-1.7134,-1.7134,-1.7134,-1.7134,-1.7134,-1.7134,-1.7134,-1.7134,-1.7134,-1.7134,-1.7134
-1.6368,-1.6368,-1.6368,-1.6368,-1.6368,-1.6368,-1.6368,-1.6368,-1.6368,-1.6368,-1.6368,-1.6368,-1.6368,-1.6368,-1.6368,-1.6368,-1.6368,-1.6368,-1.6368,-1.6368
-1.7583,-1.7583,-1.7583,-1.7583,-1.7583,-1.7583,-1.7583,-1.7583,-1.7583,-1.7583,-1.7583,-1.7583,-1.7583,-1.7583,-1.7583,-1.7583,-1.7583,-1.7583,-1.7583,-1.7583
-2.0076,-2.0076,-2.0076,-2.0076,-2.0076,-2.0076,-2.0076,-2.0076,-2.0076,-2.0076,-2.0076,-2.0076,-2.0076,-2.0076,-2.0076,-2.0076,-2.0076,-2.0076,-2.0076,-2.0076
-1.857,-1.857,-1.857,-1.857,-1.857,-1.857,-1.857,-1.857,-1.857,-1.857,-1.857,-1.857,-1.857,-1.857,-1.857,-1.857,-1.857,-1.857,-1.857,-1.857
-1.9126,-1.9126,-1.9126,-1.9126,-1.9126,-1.9126,-1.9126,-1.9126,-1.9126,-1.9126,-1.9126,-1.9126,-1.9126,-1.9126,-1.9126,-1.9126,-1.9126,-1.9126,-1.9126,-1.9126
-2.0713,-2.0713,-2.0713,-2.0713,-2.0713,-2.0713,-2.0713,-2.0713,-2.0713,-2.0713,-2.0713,-2.0713,-2.0713,-2.0713,-2.0713,-2.0713,-2.0713,-2.0713,-2.0713,-2.0713
-1.449,-1.449,-1.449,-1.449,-1.449,-1.449,-1.449,-1.449,-1.449,-1.449,-1.449,-1.449,-1.449,-1.449,-1.449,-1.449,-1.449,-1.449,-1.449,-1.449
-2.008,-2.008,-2.008,-2.008,-2.008,-2.008,-2.008,-2.008,-2.008,-2.008,-2.008,-2.008,-2.008,-2.008,-2.008,-2.008,-2.008,-2.008,-2.008,-2.008
-1.5232,-1.5232,-1.5232,-1.5232,-1.5232,-1.5232,-1.5232,-1.5232,-1.5232,-1.5232,-1.5232,-1.5232,-1.5232,-1.5232,-1.5232,-1.5232,-1.5232,-1.5232,-1.5232,-1.5232
-1.8014,-1.8014,-1.8014,-1.8014,-1.8014,-1.8014,-1.8014,-1.8014,-1.8014,-1.8014,-1.8014,-1.8014,-1.8014,-1.8014,-1.8014,-1.8014,-1.8014,-1.8014,-1.8014,-1.8014
-1.461,-1.461,-1.461,-1.461,-1.461,-1.461,-1.461,-1.461,-1.461,-1.461,-1.461,-1.461,-1.461,-1.461,-1.461,-1.461,-1.461,-1.461,-1.461,-1.461
-2.1733,-2.1733,-2.1733,-2.1733,-2.1733,-2.1733,-2.1733,-2.1733,-2.1733,-2.1733,-2.1733,-2.1733,-2.1733,-2.1733,-2.1733,-2.1733,-2.1733,-2.1733,-2.1733,-2.1733
-2.8149,-2.8149,-2.8149,-2.8149,-2.8149,-2.8149,-2.8149,-2.8149,-2.8149,-2.8149,-2.8149,-2.8149,-2.8149,-2.8149,-2.8149,-2.8149,-2.8149,-2.8149,-2.8149,-2.8149
-1.9761,-1.9761,-1.9761,-1.9761,-1.9761,-1.9761,-1.9761,-1.9761,-1.9761,-1.9761,-1.9761,-1.9761,-1.9761,-1.9761,-1.9761,-1.9761,-1.9761,-1.9761,-1.9761,-1.9761
-1.3222,-1.3222,-1.3222,-1.3222,-1.3222,-1.3222,-1.3222,-1.3222,-1.3222,-1.3222,-1.3222,-1.3222,-1.3222,-1.3222,-1.3222,-1.3222,-1.3222,-1.3222,-1.3222,-1.3222
-2.0008,-2.0008,-2.0008,-2.0008,-2.0008,-2.0008,-2.0008,-2.0008,-2.0008,-2.0008,-2.0008,-2.0008,-2.0008,-2.0008,-2.0008,-2.0008,-2.0008,-2.0008,-2.0008,-2.0008
-2.2037,-2.2037,-2.2037,-2.2037,-2.2037,-2.2037,-2.2037,-2.2037,-2.2037,-2.2037,-2.2037,-2.2037,-2.2037,-2.2037,-2.2037,-2.2037,-2.2037,-2.2037,-2.2037,-2.2037
-1.4603,-1.4603,-1.4603,-1.4603,-1.4603,-1.4603,-1.4603,-1.4603,-1.4603,-1.4603,-1.4603,-1.4603,-1.4603,-1.4603,-1.4603,-1.4603,-1.4603,-1.4603,-1.4603,-1.4603
-0.4481,-0.4481,-0.4481,-0.4481,-0.4481,-0.4481,-0.4481,-0.4481,-0.4481,-0.4481,-0.4481,-0.4481,-0.4481,-0.4481,-0.4481,-0.4481,-0.4481,-0.4481,-0.4481,-0.4481
-1.519,-1.519,-1.519,-1.519,-1.519,-1.519,-1.519,-1.519,-1.519,-1.519,-1.519,-1.519,-1.519,-1.519,-1.519,-1.519,-1.519,-1.519,-1.519,-1.519
-1.9608,-1.9608,-1.9608,-1.9608,-1.9608,-1.9608,-1.9608,-1.9608,-1.9608,-1.9608,-1.9608,-1.9608,-1.9608,-1.9608,-1.9608,-1.9608,-1.9608,-1.9608,-1.9608,-1.9608
-2.0375,-2.0375,-2.0375,-2.0375,-2.0375,-2.0375,-2.0375,-2.0375,-2.0375,-2.0375,-2.0375,-2.0375,-2.0375,-2.0375,-2.0375,-2.0375,-2.0375,-2.0375,-2.0375,-2.0375
-2.1556,-2.1556,-2.1556,-2.1556,-2.1556,-2.1556,-2.1556,-2.1556,-2.1556,-2.1556,-2.1556,-2.1556,-2.1556,-2.1556,-2.1556,-2.1556,-2.1556,-2.1556,-2.1556,-2.1556
-0.9721,-0.9721,-0.9721,-0.9721,-0.9721,-0.9721,-0.9721,-0.9721,-0.9721,-0.9721,-0.9721,-0.9721,-0.9721,-0.9721,-0.9721,-0.9721,-0.9721,-0.9721,-0.9721,-0.9721
-1.4627,-1.4627,-1.4627,-1.4627,-1.4627,-1.4627,-1.4627,-1.4627,-1.4627,-1.4627,-1.4627,-1.4627,-1.4627,-1.4627,-1.4627,-1.4627,-1.4627,-1.4627,-1.4627,-1.4627
-2.0544,-2.0544,-2.0544,-2.0544,-2.0544,-2.0544,-2.0544,-2.0544,-2.0544,-2.0544,-2.0544,-2.0544,-2.0544,-2.0544,-2.0544,-2.0544,-2.0544,-2.0544,-2.0544,-2.0544
-1.0975,-1.0975,-1.0975,-1.0975,-1.0975,-1.0975,-1.0975,-1.0975,-1.0975,-1.0975,-1.0975,-1.0975,-1.0975,-1.0975,-1.0975,-1.0975,-1.0975,-1.0975,-1.0975,-1.0975
-2.1813,-2.1813,-2.1813,-2.1813,-2.1813,-2.1813,-2.1813,-2.1813,-2.1813,-2.1813,-2.1813,-2.1813,-2.1813,-2.1813,-2.1813,-2.1813,-2.1813,-2.1813,-2.1813,-2.1813
-1.8365,-1.8365,-1.8365,-1.8365,-1.8365,-1.8365,-1.8365,-1.8365,-1.8365,-1.8365,-1.8365,-1.8365,-1.8365,-1.8365,-1.8365,-1.8365,-1.8365,-1.8365,-1.8365,-1.8365
-2.1829,-2.1829,-2.1829,-2.1829,-2.1829,-2.1829,-2.1829,-2.1829,-2.1829,-2.1829,-2.1829,-2.1829,-2.1829,-2.1829,-2.1829,-2.1829,-2.1829,-2.1829,-2.1829,-2.1829
-1.8186,-1.8186,-1.8186,-1.8186,-1.8186,-1.8186,-1.8186,-1.8186,-1.8186,-1.8186,-1.8186,-1.8186,-1.8186,-1.8186,-1.8186,-1.8186,-1.8186,-1.8186,-1.8186,-1.8186
-2.0435,-2.0435,-2.0435,-2.0435,-2.0435,-2.0435,-2.0435,-2.0435,-2.0435,-2.0435,-2.0435,-2.0435,-2.0435,-2.0435,-2.0435,-2.0435,-2.0435,-2.0435,-2.0435,-2.0435
-1.9008,-1.9008,-1.9008,-1.9008,-1.9008,-1.9008,-1.9008,-1.9008,-1.9008,-1.9008,-1.9008,-1.9008,-1.9008,-1.9008,-1.9008,-1.9008,-1.9008,-1.9008,-1.9008,-1.9008
-1.9804,-1.9804,-1.9804,-1.9804,-1.9804,-1.9804,-1.9804,-1.9804,-1.9804,-1.9804,-1.9804,-1.9804,-1.9804,-1.9804,-1.9804,-1.9804,-1.9804,-1.9804,-1.9804,-1.9804
-2.2984,-2.2984,-2.2984,-2.2984,-2.2984,-2.2984,-2.2984,-2.2984,-2.2984,-2.2984,-2.2984,-2.2984,-2.2984,-2.2984,-2.2984,-2.2984,-2.2984,-2.2984,-2.2984,-2.2984
-0.98464,-0.98464,-0.98464,-0.98464,-0.98464,-0.98464,-0.98464,-0.98464,-0.98464,-0.98464,-0.98464,-0.98464,-0.98464,-0.98464,-0.98464,-0.98464,-0.98464,-0.98464,-0.98464,-0.98464
-2.0483,-2.0483,-2.0483,-2.0483,-2.0483,-2.0483,-2.0483,-2.0483,-2.0483,-2.0483,-2.0483,-2.0483,-2.0483,-2.0483,-2.0483,-2.0483,-2.0483,-2.0483,-2.0483,-2.0483
-1.9853,-1.9853,-1.9853,-1.9853,-1.9853,-1.9853,-1.9853,-1.9853,-1.9853,-1.9853,-1.9853,-1.9853,-1.9853,-1.9853,-1.9853,-1.9853,-1.9853,-1.9853,-1.9853,-1.9853
-2.0331,-2.0331,-2.0331,-2.0331,-2.0331,-2.0331,-2.0331,-2.0331,-2.0331,-2.0331,-2.0331,-2.0331,-2.0331,-2.0331,-2.0331,-2.0331,-2.0331,-2.0331,-2.0331,-2.0331
-2.3453,-2.3453,-2.3453,-2.3453,-2.3453,-2.3453,-2.3453,-2.3453,-2.3453,-2.3453,-2.3453,-2.3453,-2.3453,-2.3453,-2.3453,-2.3453,-2.3453,-2.3453,-2.3453,-2.3453
-2.0891,-2.0891,-2.0891,-2.0891,-2.0891,-2.0891,-2.0891,-2.0891,-2.0891,-2.0891,-2.0891,-2.0891,-2.0891,-2.0891,-2.0891,-2.0891,-2.0891,-2.0891,-2.0891,-2.0891
-2.1014,-2.1014,-2.1014,-2.1014,-2.1014,-2.1014,-2.1014,-2.1014,-2.1014,-2.1014,-2.1014,-2.1014,-2.1014,-2.1014,-2.1014,-2.1014,-2.1014,-2.1014,-2.1014,-2.1014
-2.0823,-2.0823,-2.0823,-2.0823,-2.0823,-2.0823,-2.0823,-2.0823,-2.0823,-2.0823,-2.0823,-2.0823,-2.0823,-2.0823,-2.0823,-2.0823,-2.0823,-2.0823,-2.0823,-2.0823
-1.9383,-1.9383,-1.9383,-1.9383,-1.9383,-1.9383,-1.9383,-1.9383,-1.9383,-1.9383,-1.9383,-1.9383,-1.9383,-1.9383,-1.9383,-1.9383,-1.9383,-1.9383,-1.9383,-1.9383
-1.5055,-1.5055,-1.5055,-1.5055,-1.5055,-1.5055,-1.5055,-1.5055,-1.5055,-1.5055,-1.5055,-1.5055,-1.5055,-1.5055,-1.5055,-1.5055,-1.5055,-1.5055,-1.5055,-1.5055
-0.32278,-0.32278,-0.32278,-0.32278,-0.32278,-0.32278,-0.32278,-0.32278,-0.32278,-0.32278,-0.32278,-0.32278,-0.32278,-0.32278,-0.32278,-0.32278,-0.32278,-0.32278,-0.32278,-0.32278
-0.79904,-0.79904,-0.79904,-0.79904,-0.79904,-0.79904,-0.79904,-0.79904,-0.79904,-0.79904,-0.79904,-0.79904,-0.79904,-0.79904,-0.79904,-0.79904,-0.79904,-0.79904,-0.79904,-0.79904
-1.136,-1.136,-1.136,-1.136,-1.136,-1.136,-1.136,-1.136,-1.136,-1.136,-1.136,-1.136,-1.136,-1.136,-1.136,-1.136,-1.136,-1.136,-1.136,-1.136
-1.7124,-1.7124,-1.7124,-1.7124,-1.7124,-1.7124,-1.7124,-1.7124,-1.7124,-1.7124,-1.7124,-1.7124,-1.7124,-1.7124,-1.7124,-1.7124,-1.7124,-1.7124,-1.7124,-1.7124
-1.6621,-1.6621,-1.6621,-1.6621,-1.6621,-1.6621,-1.6621,-1.6621,-1.6621,-1.6621,-1.6621,-1.6621,-1.6621,-1.6621,-1.6621,-1.6621,-1.6621,-1.6621,-1.6621,-1.6621
-2.0276,-2.0276,-2.0276,-2.0276,-2.0276,-2.0276,-2.0276,-2.0276,-2.0276,-2.0276,-2.0276,-2.0276,-2.0276,-2.0276,-2.0276,-2.0276,-2.0276,-2.0276,-2.0276,-2.0276
-2.1586,-2.1586,-2.1586,-2.1586,-2.1586,-2.1586,-2.1586,-2.1586,-2.1586,-2.1586,-2.1586,-2.1586,-2.1586,-2.1586,-2.1586,-2.1586,-2.1586,-2.1586,-2.1586,-2.1586
-2.0387,-2.0387,-2.0387,-2.0387,-2.0387,-2.0387,-2.0387,-2.0387,-2.0387,-2.0387,-2.0387,-2.0387,-2.0387,-2.0387,-2.0387,-2.0387,-2.0387,-2.0387,-2.0387,-2.0387
-0.90824,-0.90824,-0.90824,-0.90824,-0.90824,-0.90824,-0.90824,-0.90824,-0.90824,-0.90824,-0.90824,-0.90824,-0.90824,-0.90824,-0.90824,-0.90824,-0.90824,-0.90824,-0.90824,-0.90824
-1.6453,-1.6453,-1.6453,-1.6453,-1.6453,-1.6453,-1.6453,-1.6453,-1.6453,-1.6453,-1.6453,-1.6453,-1.6453,-1.6453,-1.6453,-1.6453,-1.6453,-1.6453,-1.6453,-1.6453
-2.1592,-2.1592,-2.1592,-2.1592,-2.1592,-2.1592,-2.1592,-2.1592,-2.1592,-2.1592,-2.1592,-2.1592,-2.1592,-2.1592,-2.1592,-2.1592,-2.1592,-2.1592,-2.1592,-2.1592
-1.7679,-1.7679,-1.7679,-1.7679,-1.7679,-1.7679,-1.7679,-1.7679,-1.7679,-1.7679,-1.7679,-1.7679,-1.7679,-1.7679,-1.7679,-1.7679,-1.7679,-1.7679,-1.7679,-1.7679
-1.8015,-1.8015,-1.8015,-1.8015,-1.8015,-1.8015,-1.8015,-1.8015,-1.8015,-1.8015,-1.8015,-1.8015,-1.8015,-1.8015,-1.8015,-1.8015,-1.8015,-1.8015,-1.8015,-1.8015
-1.9787,-1.9787,-1.9787,-1.9787,-1.9787,-1.9787,-1.9787,-1.9787,-1.9787,-1.9787,-1.9787,-1.9787,-1.9787,-1.9787,-1.9787,-1.9787,-1.9787,-1.9787,-1.9787,-1.9787
-1.8152,-1.8152,-1.8152,-1.8152,-1.8152,-1.8152,-1.8152,-1.8152,-1.8152,-1.8152,-1.8152,-1.8152,-1.8152,-1.8152,-1.8152,-1.8152,-1.8152,-1.8152,-1.8152,-1.8152
-1.8042,-1.8042,-1.8042,-1.8042,-1.8042,-1.8042,-1.8042,-1.8042,-1.8042,-1.8042,-1.8042,-1.8042,-1.8042,-1.8042,-1.8042,-1.8042,-1.8042,-1.8042,-1.8042,-1.8042
-2.0606,-2.0606,-2.0606,-2.0606,-2.0606,-2.0606,-2.0606,-2.0606,-2.0606,-2.0606,-2.0606,-2.0606,-2.0606,-2.0606,-2.0606,-2.0606,-2.0606,-2.0606,-2.0606,-2.0606
-1.8796,-1.8796,-1.8796,-1.8796,-1.8796,-1.8796,-1.8796,-1.8796,-1.8796,-1.8796,-1.8796,-1.8796,-1.8796,-1.8796,-1.8796,-1.8796,-1.8796,-1.8796,-1.8796,-1.8796
-2.007,-2.007,-2.007,-2.007,-2.007,-2.007,-2.007,-2.007,-2.007,-2.007,-2.007,-2.007,-2.007,-2.007,-2.007,-2.007,-2.007,-2.007,-2.007,-2.007
-1.1082,-1.1082,-1.1082,-1.1082,-1.1082,-1.1082,-1.1082,-1.1082,-1.1082,-1.1082,-1.1082,-1.1082,-1.1082,-1.1082,-1.1082,-1.1082,-1.1082,-1.1082,-1.1082,-1.1082
-1.8509,-1.8509,-1.8509,-1.8509,-1.8509,-1.8509,-1.8509,-1.8509,-1.8509,-1.8509,-1.8509,-1.8509,-1.8509,-1.8509,-1.8509,-1.8509,-1.8509,-1.8509,-1.8509,-1.8509
-2.415,-2.415,-2.415,-2.415,-2.415,-2.415,-2.415,-2.415,-2.415,-2.415,-2.415,-2.415,-2.415,-2.415,-2.415,-2.415,-2.415,-2.415,-2.415,-2.415
-1.8669,-1.8669,-1.8669,-1.8669,-1.8669,-1.8669,-1.8669,-1.8669,-1.8669,-1.8669,-1.8669,-1.8669,-1.8669,-1.8669,-1.8669,-1.8669,-1.8669,-1.8669,-1.8669,-1.8669
-2.0659,-2.0659,-2.0659,-2.0659,-2.0659,-2.0659,-2.0659,-2.0659,-2.0659,-2.0659,-2.0659,-2.0659,-2.0659,-2.0659,-2.0659,-2.0659,-2.0659,-2.0659,-2.0659,-2.0659
-1.812,-1.812,-1.812,-1.812,-1.812,-1.812,-1.812,-1.812,-1.812,-1.812,-1.812,-1.812,-1.812,-1.812,-1.812,-1.812,-1.812,-1.812,-1.812,-1.812
-0.70494,-0.70494,-0.70494,-0.70494,-0.70494,-0.70494,-0.70494,-0.70494,-0.70494,-0.70494,-0.70494,-0.70494,-0.70494,-0.70494,-0.70494,-0.70494,-0.70494,-0.70494,-0.70494,-0.70494
-1.9241,-1.9241,-1.9241,-1.9241,-1.9241,-1.9241,-1.9241,-1.9241,-1.9241,-1.9241,-1.9241,-1.9241,-1.9241,-1.9241,-1.9241,-1.9241,-1.9241,-1.9241,-1.9241,-1.9241
-2.2176,-2.2176,-2.2176,-2.2176,-2.2176,-2.2176,-2.2176,-2.2176,-2.2176,-2.2176,-2.2176,-2.2176,-2.2176,-2.2176,-2.2176,-2.2176,-2.2176,-2.2176,-2.2176,-2.2176
-1.4871,-1.4871,-1.4871,-1.4871,-1.4871,-1.4871,-1.4871,-1.4871,-1.4871,-1.4871,-1.4871,-1.4871,-1.4871,-1.4871,-1.4871,-1.4871,-1.4871,-1.4871,-1.4871,-1.4871
-1.8255,-1.8255,-1.8255,-1.8255,-1.8255,-1.8255,-1.8255,-1.8255,-1.8255,-1.8255,-1.8255,-1.8255,-1.8255,-1.8255,-1.8255,-1.8255,-1.8255,-1.8255,-1.8255,-1.8255
-1.9443,-1.9443,-1.9443,-1.9443,-1.9443,-1.9443,-1.9443,-1.9443,-1.9443,-1.9443,-1.9443,-1.9443,-1.9443,-1.9443,-1.9443,-1.9443,-1.9443,-1.9443,-1.9443,-1.9443
-1.8652,-1.8652,-1.8652,-1.8652,-1.8652,-1.8652,-1.8652,-1.8652,-1.8652,-1.8652,-1.8652,-1.8652,-1.8652,-1.8652,-1.8652,-1.8652,-1.8652,-1.8652,-1.8652,-1.8652
-1.6546,-1.6546,-1.6546,-1.6546,-1.6546,-1.6546,-1.6546,-1.6546,-1.6546,-1.6546,-1.6546,-1.6546,-1.6546,-1.6546,-1.6546,-1.6546,-1.6546,-1.6546,-1.6546,-1.6546
-1.8424,-1.8424,-1.8424,-1.8424,-1.8424,-1.8424,-1.8424,-1.8424,-1.8424,-1.8424,-1.8424,-1.8424,-1.8424,-1.8424,-1.8424,-1.8424,-1.8424,-1.8424,-1.8424,-1.8424
-2.0177,-2.0177,-2.0177,-2.0177,-2.0177,-2.0177,-2.0177,-2.0177,-2.0177,-2.0177,-2.0177,-2.0177,-2.0177,-2.0177,-2.0177,-2.0177,-2.0177,-2.0177,-2.0177,-2.0177
-1.7011,-1.7011,-1.7011,-1.7011,-1.7011,-1.7011,-1.7011,-1.7011,-1.7011,-1.7011,-1.7011,-1.7011,-1.7011,-1.7011,-1.7011,-1.7011,-1.7011,-1.7011,-1.7011,-1.7011
-1.6039,-1.6039,-1.6039,-1.6039,-1.6039,-1.6039,-1.6039,-1.6039,-1.6039,-1.6039,-1.6039,-1.6039,-1.6039,-1.6039,-1.6039,-1.6039,-1.6039,-1.6039,-1.6039,-1.6039
-2.1913,-2.1913,-2.1913,-2.1913,-2.1913,-2.1913,-2.1913,-2.1913,-2.1913,-2.1913,-2.1913,-2.1913,-2.1913,-2.1913,-2.1913,-2.1913,-2.1913,-2.1913,-2.1913,-2.1913
-2.0463,-2.0463,-2.0463,-2.0463,-2.0463,-2.0463,-2.0463,-2.0463,-2.0463,-2.0463,-2.0463,-2.0463,-2.0463,-2.0463,-2.0463,-2.0463,-2.0463,-2.0463,-2.0463,-2.0463
-2.0784,-2.0784,-2.0784,-2.0784,-2.0784,-2.0784,-2.0784,-2.0784,-2.0784,-2.0784,-2.0784,-2.0784,-2.0784,-2.0784,-2.0784,-2.0784,-2.0784,-2.0784,-2.0784,-2.0784
-2.1619,-2.1619,-2.1619,-2.1619,-2.1619,-2.1619,-2.1619,-2.1619,-2.1619,-2.1619,-2.1619,-2.1619,-2.1619,-2.1619,-2.1619,-2.1619,-2.1619,-2.1619,-2.1619,-2.1619
-1.334,-1.334,-1.334,-1.334,-1.334,-1.334,-1.334,-1.334,-1.334,-1.334,-1.334,-1.334,-1.334,-1.334,-1.334,-1.334,-1.334,-1.334,-1.334,-1.334
-2.0408,-2.0408,-2.0408,-2.0408,-2.0408,-2.0408,-2.0408,-2.0408,-2.0408,-2.0408,-2.0408,-2.0408,-2.0408,-2.0408,-2.0408,-2.0408,-2.0408,-2.0408,-2.0408,-2.0408
-1.8582,-1.8582,-1.8582,-1.8582,-1.8582,-1.8582,-1.8582,-1.8582,-1.8582,-1.8582,-1.8582,-1.8582,-1.8582,-1.8582,-1.8582,-1.8582,-1.8582,-1.8582,-1.8582,-1.8582
-3.1599,-3.1599,-3.1599,-3.1599,-3.1599,-3.1599,-3.1599,-3.1599,-3.1599,-3.1599,-3.1599,-3.1599,-3.1599,-3.1599,-3.1599,-3.1599,-3.1599,-3.1599,-3.1599,-3.1599
-1.5488,-1.5488,-1.5488,-1.5488,-1.5488,-1.5488,-1.5488,-1.5488,-1.5488,-1.5488,-1.5488,-1.5488,-1.5488,-1.5488,-1.5488,-1.5488,-1.5488,-1.5488,-1.5488,-1.5488
-1.2668,-1.2668,-1.2668,-1.2668,-1.2668,-1.2668,-1.2668,-1.2668,-1.2668,-1.2668,-1.2668,-1.2668,-1.2668,-1.2668,-1.2668,-1.2668,-1.2668,-1.2668,-1.2668,-1.2668
-2.0008,-2.0008,-2.0008,-2.0008,-2.0008,-2.0008,-2.0008,-2.0008,-2.0008,-2.0008,-2.0008,-2.0008,-2.0008,-2.0008,-2.0008,-2.0008,-2.0008,-2.0008,-2.0008,-2.0008
-1.9952,-1.9952,-1.9952,-1.9952,-1.9952,-1.9952,-1.9952,-1.9952,-1.9952,-1.9952,-1.9952,-1.9952,-1.9952,-1.9952,-1.9952,-1.9952,-1.9952,-1.9952,-1.9952,-1.9952
-1.8056,-1.8056,-1.8056,-1.8056,-1.8056,-1.8056,-1.8056,-1.8056,-1.8056,-1.8056,-1.8056,-1.8056,-1.8056,-1.8056,-1.8056,-1.8056,-1.8056,-1.8056,-1.8056,-1.8056
-1.3485,-1.3485,-1.3485,-1.3485,-1.3485,-1.3485,-1.3485,-1.3485,-1.3485,-1.3485,-1.3485,-1.3485,-1.3485,-1.3485,-1.3485,-1.3485,-1.3485,-1.3485,-1.3485,-1.3485
-2.1141,-2.1141,-2.1141,-2.1141,-2.1141,-2.1141,-2.1141,-2.1141,-2.1141,-2.1141,-2.1141,-2.1141,-2.1141,-2.1141,-2.1141,-2.1141,-2.1141,-2.1141,-2.1141,-2.1141
-2.3694,-2.3694,-2.3694,-2.3694,-2.3694,-2.3694,-2.3694,-2.3694,-2.3694,-2.3694,-2.3694,-2.3694,-2.3694,-2.3694,-2.3694,-2.3694,-2.3694,-2.3694,-2.3694,-2.3694
-1.8995,-1.8995,-1.8995,-1.8995,-1.8995,-1.8995,-1.8995,-1.8995,-1.8995,-1.8995,-1.8995,-1.8995,-1.8995,-1.8995,-1.8995,-1.8995,-1.8995,-1.8995,-1.8995,-1.8995
-1.3346,-1.3346,-1.3346,-1.3346,-1.3346,-1.3346,-1.3346,-1.3346,-1.3346,-1.3346,-1.3346,-1.3346,-1.3346,-1.3346,-1.3346,-1.3346,-1.3346,-1.3346,-1.3346,-1.3346
-2.2581,-2.2581,-2.2581,-2.2581,-2.2581,-2.2581,-2.2581,-2.2581,-2.2581,-2.2581,-2.2581,-2.2581,-2.2581,-2.2581,-2.2581,-2.2581,-2.2581,-2.2581,-2.2581,-2.2581
-2.1829,-2.1829,-2.1829,-2.1829,-2.1829,-2.1829,-2.1829,-2.1829,-2.1829,-2.1829,-2.1829,-2.1829,-2.1829,-2.1829,-2.1829,-2.1829,-2.1829,-2.1829,-2.1829,-2.1829
-1.5401,-1.5401,-1.5401,-1.5401,-1.5401,-1.5401,-1.5401,-1.5401,-1.5401,-1.5401,-1.5401,-1.5401,-1.5401,-1.5401,-1.5401,-1.5401,-1.5401,-1.5401,-1.5401,-1.5401
-1.5761,-1.5761,-1.5761,-1.5761,-1.5761,-1.5761,-1.5761,-1.5761,-1.5761,-1.5761,-1.5761,-1.5761,-1.5761,-1.5761,-1.5761,-1.5761,-1.5761,-1.5761,-1.5761,-1.5761
-1.242,-1.242,-1.242,-1.242,-1.242,-1.242,-1.242,-1.242,-1.242,-1.242,-1.242,-1.242,-1.242,-1.242,-1.242,-1.242,-1.242,-1.242,-1.242,-1.242
-2.0732,-2.0732,-2.0732,-2.0732,-2.0732,-2.0732,-2.0732,-2.0732,-2.0732,-2.0732,-2.0732,-2.0732,-2.0732,-2.0732,-2.0732,-2.0732,-2.0732,-2.0732,-2.0732,-2.0732
-2.0318,-2.0318,-2.0318,-2.0318,-2.0318,-2.0318,-2.0318,-2.0318,-2.0318,-2.0318,-2.0318,-2.0318,-2.0318,-2.0318,-2.0318,-2.0318,-2.0318,-2.0318,-2.0318,-2.0318
-2.1653,-2.1653,-2.1653,-2.1653,-2.1653,-2.1653,-2.1653,-2.1653,-2.1653,-2.1653,-2.1653,-2.1653,-2.1653,-2.1653,-2.1653,-2.1653,-2.1653,-2.1653,-2.1653,-2.1653
-1.544,-1.544,-1.544,-1.544,-1.544,-1.544,-1.544,-1.544,-1.544,-1.544,-1.544,-1.544,-1.544,-1.544,-1.544,-1.544,-1.544,-1.544,-1.544,-1.544
-2.3773,-2.3773,-2.3773,-2.3773,-2.3773,-2.3773,-2.3773,-2.3773,-2.3773,-2.3773,-2.3773,-2.3773,-2.3773,-2.3773,-2.3773,-2.3773,-2.3773,-2.3773,-2.3773,-2.3773
-2.1188,-2.1188,-2.1188,-2.1188,-2.1188,-2.1188,-2.1188,-2.1188,-2.1188,-2.1188,-2.1188,-2.1188,-2.1188,-2.1188,-2.1188,-2.1188,-2.1188,-2.1188,-2.1188,-2.1188
-1.9984,-1.9984,-1.9984,-1.9984,-1.9984,-1.9984,-1.9984,-1.9984,-1.9984,-1.9984,-1.9984,-1.9984,-1.9984,-1.9984,-1.9984,-1.9984,-1.9984,-1.9984,-1.9984,-1.9984
-1.6289,-1.6289,-1.6289,-1.6289,-1.6289,-1.6289,-1.6289,-1.6289,-1.6289,-1.6289,-1.6289,-1.6289,-1.6289,-1.6289,-1.6289,-1.6289,-1.6289,-1.6289,-1.6289,-1.6289
-1.7049,-1.7049,-1.7049,-1.7049,-1.7049,-1.7049,-1.7049,-1.7049,-1.7049,-1.7049,-1.7049,-1.7049,-1.7049,-1.7049,-1.7049,-1.7049,-1.7049,-1.7049,-1.7049,-1.7049
-1.9304,-1.9304,-1.9304,-1.9304,-1.9304,-1.9304,-1.9304,-1.9304,-1.9304,-1.9304,-1.9304,-1.9304,-1.9304,-1.9304,-1.9304,-1.9304,-1.9304,-1.9304,-1.9304,-1.9304
-1.8365,-1.8365,-1.8365,-1.8365,-1.8365,-1.8365,-1.8365,-1.8365,-1.8365,-1.8365,-1.8365,-1.8365,-1.8365,-1.8365,-1.8365,-1.8365,-1.8365,-1.8365,-1.8365,-1.8365
-2.6325,-2.6325,-2.6325,-2.6325,-2.6325,-2.6325,-2.6325,-2.6325,-2.6325,-2.6325,-2.6325,-2.6325,-2.6325,-2.6325,-2.6325,-2.6325,-2.6325,-2.6325,-2.6325,-2.6325
-2.0001,-2.0001,-2.0001,-2.0001,-2.0001,-2.0001,-2.0001,-2.0001,-2.0001,-2.0001,-2.0001,-2.0001,-2.0001,-2.0001,-2.0001,-2.0001,-2.0001,-2.0001,-2.0001,-2.0001
-1.7943,-1.7943,-1.7943,-1.7943,-1.7943,-1.7943,-1.7943,-1.7943,-1.7943,-1.7943,-1.7943,-1.7943,-1.7943,-1.7943,-1.7943,-1.7943,-1.7943,-1.7943,-1.7943,-1.7943
-1.33,-1.33,-1.33,-1.33,-1.33,-1.33,-1.33,-1.33,-1.33,-1.33,-1.33,-1.33,-1.33,-1.33,-1.33,-1.33,-1.33,-1.33,-1.33,-1.33
-1.2412,-1.2412,-1.2412,-1.2412,-1.2412,-1.2412,-1.2412,-1.2412,-1.2412,-1.2412,-1.2412,-1.2412,-1.2412,-1.2412,-1.2412,-1.2412,-1.2412,-1.2412,-1.2412,-1.2412
-2.1624,-2.1624,-2.1624,-2.1624,-2.1624,-2.1624,-2.1624,-2.1624,-2.1624,-2.1624,-2.1624,-2.1624,-2.1624,-2.1624,-2.1624,-2.1624,-2.1624,-2.1624,-2.1624,-2.1624
-2.0571,-2.0571,-2.0571,-2.0571,-2.0571,-2.0571,-2.0571,-2.0571,-2.0571,-2.0571,-2.0571,-2.0571,-2.0571,-2.0571,-2.0571,-2.0571,-2.0571,-2.0571,-2.0571,-2.0571
-2.4797,-2.4797,-2.4797,-2.4797,-2.4797,-2.4797,-2.4797,-2.4797,-2.4797,-2.4797,-2.4797,-2.4797,-2.4797,-2.4797,-2.4797,-2.4797,-2.4797,-2.4797,-2.4797,-2.4797
-2.0261,-2.0261,-2.0261,-2.0261,-2.0261,-2.0261,-2.0261,-2.0261,-2.0261,-2.0261,-2.0261,-2.0261,-2.0261,-2.0261,-2.0261,-2.0261,-2.0261,-2.0261,-2.0261,-2.0261
-1.6946,-1.6946,-1.6946,-1.6946,-1.6946,-1.6946,-1.6946,-1.6946,-1.6946,-1.6946,-1.6946,-1.6946,-1.6946,-1.6946,-1.6946,-1.6946,-1.6946,-1.6946,-1.6946,-1.6946
-1.9712,-1.9712,-1.9712,-1.9712,-1.9712,-1.9712,-1.9712,-1.9712,-1.9712,-1.9712,-1.9712,-1.9712,-1.9712,-1.9712,-1.9712,-1.9712,-1.9712,-1.9712,-1.9712,-1.9712
-1.839,-1.839,-1.839,-1.839,-1.839,-1.839,-1.839,-1.839,-1.839,-1.839,-1.839,-1.839,-1.839,-1.839,-1.839,-1.839,-1.839,-1.839,-1.839,-1.839
-1.8747,-1.8747,-1.8747,-1.8747,-1.8747,-1.8747,-1.8747,-1.8747,-1.8747,-1.8747,-1.8747,-1.8747,-1.8747,-1.8747,-1.8747,-1.8747,-1.8747,-1.8747,-1.8747,-1.8747
-1.333,-1.333,-1.333,-1.333,-1.333,-1.333,-1.333,-1.333,-1.333,-1.333,-1.333,-1.333,-1.333,-1.333,-1.333,-1.333,-1.333,-1.333,-1.333,-1.333
-0.28606,-0.28606,-0.28606,-0.28606,-0.28606,-0.28606,-0.28606,-0.28606,-0.28606,-0.28606,-0.28606,-0.28606,-0.28606,-0.28606,-0.28606,-0.28606,-0.28606,-0.28606,-0.28606,-0.28606
-1.2917,-1.2917,-1.2917,-1.2917,-1.2917,-1.2917,-1.2917,-1.2917,-1.2917,-1.2917,-1.2917,-1.2917,-1.2917,-1.2917,-1.2917,-1.2917,-1.2917,-1.2917,-1.2917,-1.2917
-1.3218,-1.3218,-1.3218,-1.3218,-1.3218,-1.3218,-1.3218,-1.3218,-1.3218,-1.3218,-1.3218,-1.3218,-1.3218,-1.3218,-1.3218,-1.3218,-1.3218,-1.3218,-1.3218,-1.3218
-1.6469,-1.6469,-1.6469,-1.6469,-1.6469,-1.6469,-1.6469,-1.6469,-1.6469,-1.6469,-1.6469,-1.6469,-1.6469,-1.6469,-1.6469,-1.6469,-1.6469,-1.6469,-1.6469,-1.6469
-1.8955,-1.8955,-1.8955,-1.8955,-1.8955,-1.8955,-1.8955,-1.8955,-1.8955,-1.8955,-1.8955,-1.8955,-1.8955,-1.8955,-1.8955,-1.8955,-1.8955,-1.8955,-1.8955,-1.8955
-1.2991,-1.2991,-1.2991,-1.2991,-1.2991,-1.2991,-1.2991,-1.2991,-1.2991,-1.2991,-1.2991,-1.2991,-1.2991,-1.2991,-1.2991,-1.2991,-1.2991,-1.2991,-1.2991,-1.2991
-2.7097,-2.7097,-2.7097,-2.7097,-2.7097,-2.7097,-2.7097,-2.7097,-2.7097,-2.7097,-2.7097,-2.7097,-2.7097,-2.7097,-2.7097,-2.7097,-2.7097,-2.7097,-2.7097,-2.7097
-2.4478,-2.4478,-2.4478,-2.4478,-2.4478,-2.4478,-2.4478,-2.4478,-2.4478,-2.4478,-2.4478,-2.4478,-2.4478,-2.4478,-2.4478,-2.4478,-2.4478,-2.4478,-2.4478,-2.4478
-1.961,-1.961,-1.961,-1.961,-1.961,-1.961,-1.961,-1.961,-1.961,-1.961,-1.961,-1.961,-1.961,-1.961,-1.961,-1.961,-1.961,-1.961,-1.961,-1.961
-2.1029,-2.1029,-2.1029,-2.1029,-2.1029,-2.1029,-2.1029,-2.1029,-2.1029,-2.1029,-2.1029,-2.1029,-2.1029,-2.1029,-2.1029,-2.1029,-2.1029,-2.1029,-2.1029,-2.1029
-2.2285,-2.2285,-2.2285,-2.2285,-2.2285,-2.2285,-2.2285,-2.2285,-2.2285,-2.2285,-2.2285,-2.2285,-2.2285,-2.2285,-2.2285,-2.2285,-2.2285,-2.2285,-2.2285,-2.2285
-2.0192,-2.0192,-2.0192,-2.0192,-2.0192,-2.0192,-2.0192,-2.0192,-2.0192,-2.0192,-2.0192,-2.0192,-2.0192,-2.0192,-2.0192,-2.0192,-2.0192,-2.0192,-2.0192,-2.0192
-1.3866,-1.3866,-1.3866,-1.3866,-1.3866,-1.3866,-1.3866,-1.3866,-1.3866,-1.3866,-1.3866,-1.3866,-1.3866,-1.3866,-1.3866,-1.3866,-1.3866,-1.3866,-1.3866,-1.3866
-2.1713,-2.1713,-2.1713,-2.1713,-2.1713,-2.1713,-2.1713,-2.1713,-2.1713,-2.1713,-2.1713,-2.1713,-2.1713,-2.1713,-2.1713,-2.1713,-2.1713,-2.1713,-2.1713,-2.1713
-2.108,-2.108,-2.108,-2.108,-2.108,-2.108,-2.108,-2.108,-2.108,-2.108,-2.108,-2.108,-2.108,-2.108,-2.108,-2.108,-2.108,-2.108,-2.108,-2.108
-1.1457,-1.1457,-1.1457,-1.1457,-1.1457,-1.1457,-1.1457,-1.1457,-1.1457,-1.1457,-1.1457,-1.1457,-1.1457,-1.1457,-1.1457,-1.1457,-1.1457,-1.1457,-1.1457,-1.1457
-1.7644,-1.7644,-1.7644,-1.7644,-1.7644,-1.7644,-1.7644,-1.7644,-1.7644,-1.7644,-1.7644,-1.7644,-1.7644,-1.7644,-1.7644,-1.7644,-1.7644,-1.7644,-1.7644,-1.7644
-2.4665,-2.4665,-2.4665,-2.4665,-2.4665,-2.4665,-2.4665,-2.4665,-2.4665,-2.4665,-2.4665,-2.4665,-2.4665,-2.4665,-2.4665,-2.4665,-2.4665,-2.4665,-2.4665,-2.4665
-1.9302,-1.9302,-1.9302,-1.9302,-1.9302,-1.9302,-1.9302,-1.9302,-1.9302,-1.9302,-1.9302,-1.9302,-1.9302,-1.9302,-1.9302,-1.9302,-1.9302,-1.9302,-1.9302,-1.9302
-1.895,-1.895,-1.895,-1.895,-1.895,-1.895,-1.895,-1.895,-1.895,-1.895,-1.895,-1.895,-1.895,-1.895,-1.895,-1.895,-1.895,-1.895,-1.895,-1.895
-1.0087,-1.0087,-1.0087,-1.0087,-1.0087,-1.0087,-1.0087,-1.0087,-1.0087,-1.0087,-1.0087,-1.0087,-1.0087,-1.0087,-1.0087,-1.0087,-1.0087,-1.0087,-1.0087,-1.0087
-0.55702,-0.55702,-0.55702,-0.55702,-0.55702,-0.55702,-0.55702,-0.55702,-0.55702,-0.55702,-0.55702,-0.55702,-0.55702,-0.55702,-0.55702,-0.55702,-0.55702,-0.55702,-0.55702,-0.55702
-1.419,-1.419,-1.419,-1.419,-1.419,-1.419,-1.419,-1.419,-1.419,-1.419,-1.419,-1.419,-1.419,-1.419,-1.419,-1.419,-1.419,-1.419,-1.419,-1.419
-1.5144,-1.5144,-1.5144,-1.5144,-1.5144,-1.5144,-1.5144,-1.5144,-1.5144,-1.5144,-1.5144,-1.5144,-1.5144,-1.5144,-1.5144,-1.5144,-1.5144,-1.5144,-1.5144,-1.5144
-2.2382,-2.2382,-2.2382,-2.2382,-2.2382,-2.2382,-2.2382,-2.2382,-2.2382,-2.2382,-2.2382,-2.2382,-2.2382,-2.2382,-2.2382,-2.2382,-2.2382,-2.2382,-2.2382,-2.2382
-2.5096,-2.5096,-2.5096,-2.5096,-2.5096,-2.5096,-2.5096,-2.5096,-2.5096,-2.5096,-2.5096,-2.5096,-2.5096,-2.5096,-2.5096,-2.5096,-2.5096,-2.5096,-2.5096,-2.5096
-1.6155,-1.6155,-1.6155,-1.6155,-1.6155,-1.6155,-1.6155,-1.6155,-1.6155,-1.6155,-1.6155,-1.6155,-1.6155,-1.6155,-1.6155,-1.6155,-1.6155,-1.6155,-1.6155,-1.6155
-2.1096,-2.1096,-2.1096,-2.1096,-2.1096,-2.1096,-2.1096,-2.1096,-2.1096,-2.1096,-2.1096,-2.1096,-2.1096,-2.1096,-2.1096,-2.1096,-2.1096,-2.1096,-2.1096,-2.1096
-1.9645,-1.9645,-1.9645,-1.9645,-1.9645,-1.9645,-1.9645,-1.9645,-1.9645,-1.9645,-1.9645,-1.9645,-1.9645,-1.9645,-1.9645,-1.9645,-1.9645,-1.9645,-1.9645,-1.9645
-2.1832,-2.1832,-2.1832,-2.1832,-2.1832,-2.1832,-2.1832,-2.1832,-2.1832,-2.1832,-2.1832,-2.1832,-2.1832,-2.1832,-2.1832,-2.1832,-2.1832,-2.1832,-2.1832,-2.1832
-1.7424,-1.7424,-1.7424,-1.7424,-1.7424,-1.7424,-1.7424,-1.7424,-1.7424,-1.7424,-1.7424,-1.7424,-1.7424,-1.7424,-1.7424,-1.7424,-1.7424,-1.7424,-1.7424,-1.7424
-2.0034,-2.0034,-2.0034,-2.0034,-2.0034,-2.0034,-2.0034,-2.0034,-2.0034,-2.0034,-2.0034,-2.0034,-2.0034,-2.0034,-2.0034,-2.0034,-2.0034,-2.0034,-2.0034,-2.0034
-1.4639,-1.4639,-1.4639,-1.4639,-1.4639,-1.4639,-1.4639,-1.4639,-1.4639,-1.4639,-1.4639,-1.4639,-1.4639,-1.4639,-1.4639,-1.4639,-1.4639,-1.4639,-1.4639,-1.4639
-1.7541,-1.7541,-1.7541,-1.7541,-1.7541,-1.7541,-1.7541,-1.7541,-1.7541,-1.7541,-1.7541,-1.7541,-1.7541,-1.7541,-1.7541,-1.7541,-1.7541,-1.7541,-1.7541,-1.7541
-2.8,-2.8,-2.8,-2.8,-2.8,-2.8,-2.8,-2.8,-2.8,-2.8,-2.8,-2.8,-2.8,-2.8,-2.8,-2.8,-2.8,-2.8,-2.8,-2.8
-1.6333,-1.6333,-1.6333,-1.6333,-1.6333,-1.6333,-1.6333,-1.6333,-1.6333,-1.6333,-1.6333,-1.6333,-1.6333,-1.6333,-1.6333,-1.6333,-1.6333,-1.6333,-1.6333,-1.6333
-1.7477,-1.7477,-1.7477,-1.7477,-1.7477,-1.7477,-1.7477,-1.7477,-1.7477,-1.7477,-1.7477,-1.7477,-1.7477,-1.7477,-1.7477,-1.7477,-1.7477,-1.7477,-1.7477,-1.7477
