5.0826,5.0826,5.0826,5.0826,5.0826,5.0826,5.0826,5.0826,5.0826,5.0826,5.0826,5.0826,5.0826,5.0826,5.0826,5.0826,5.0826,5.0826,5.0826,5.0826
5.4826,5.4826,5.4826,5.4826,5.4826,5.4826,5.4826,5.4826,5.4826,5.4826,5.4826,5.4826,5.4826,5.4826,5.4826,5.4826,5.4826,5.4826,5.4826,5.4826
5.0667,5.0667,5.0667,5.0667,5.0667,5.0667,5.0667,5.0667,5.0667,5.0667,5.0667,5.0667,5.0667,5.0667,5.0667,5.0667,5.0667,5.0667,5.0667,5.0667
5.5365,5.5365,5.5365,5.5365,5.5365,5.5365,5.5365,5.5365,5.5365,5.5365,5.5365,5.5365,5.5365,5.5365,5.5365,5.5365,5.5365,5.5365,5.5365,5.5365
5.4223,5.4223,5.4223,5.4223,5.4223,5.4223,5.4223,5.4223,5.4223,5.4223,5.4223,5.4223,5.4223,5.4223,5.4223,5.4223,5.4223,5.4223,5.4223,5.4223
5.1675,5.1675,5.1675,5.1675,5.1675,5.1675,5.1675,5.1675,5.1675,5.1675,5.1675,5.1675,5.1675,5.1675,5.1675,5.1675,5.1675,5.1675,5.1675,5.1675
5.4373,5.4373,5.4373,5.4373,5.4373,5.4373,5.4373,5.4373,5.4373,5.4373,5.4373,5.4373,5.4373,5.4373,5.4373,5.4373,5.4373,5.4373,5.4373,5.4373
5.6468,5.6468,5.6468,5.6468,5.6468,5.6468,5.6468,5.6468,5.6468,5.6468,5.6468,5.6468,5.6468,5.6468,5.6468,5.6468,5.6468,5.6468,5.6468,5.6468
5.4833,5.4833,5.4833,5.4833,5.4833,5.4833,5.4833,5.4833,5.4833,5.4833,5.4833,5.4833,5.4833,5.4833,5.4833,5.4833,5.4833,5.4833,5.4833,5.4833
5.3394,5.3394,5.3394,5.3394,5.3394,5.3394,5.3394,5.3394,5.3394,5.3394,5.3394,5.3394,5.3394,5.3394,5.3394,5.3394,5.3394,5.3394,5.3394,5.3394
5.133,5.133,5.133,5.133,5.133,5.133,5.133,5.133,5.133,5.133,5.133,5.133,5.133,5.133,5.133,5.133,5.133,5.133,5.133,5.133
5.4253,5.4253,5.4253,5.4253,5.4253,5.4253,5.4253,5.4253,5.4253,5.4253,5.4253,5.4253,5.4253,5.4253,5.4253,5.4253,5.4253,5.4253,5.4253,5.4253
5.2952,5.2952,5.2952,5.2952,5.2952,5.2952,5.2952,5.2952,5.2952,5.2952,5.2952,5.2952,5.2952,5.2952,5.2952,5.2952,5.2952,5.2952,5.2952,5.2952
5.1976,5.1976,5.1976,5.1976,5.1976,5.1976,5.1976,5.1976,5.1976,5.1976,5.1976,5.1976,5.1976,5.1976,5.1976,5.1976,5.1976,5.1976,5.1976,5.1976
5.4125,5.4125,5.4125,5.4125,5.4125,5.4125,5.4125,5.4125,5.4125,5.4125,5.4125,5.4125,5.4125,5.4125,5.4125,5.4125,5.4125,5.4125,5.4125,5.4125
5.4208,5.4208,5.4208,5.4208,5.4208,5.4208,5.4208,5.4208,5.4208,5.4208,5.4208,5.4208,5.4208,5.4208,5.4208,5.4208,5.4208,5.4208,5.4208,5.4208
5.16,5.16,5.16,5.16,5.16,5.16,5.16,5.16,5.16,5.16,5.16,5.16,5.16,5.16,5.16,5.16,5.16,5.16,5.16,5.16
5.4738,5.4738,5.4738,5.4738,5.4738,5.4738,5.4738,5.4738,5.4738,5.4738,5.4738,5.4738,5.4738,5.4738,5.4738,5.4738,5.4738,5.4738,5.4738,5.4738
5.3603,5.3603,5.3603,5.3603,5.3603,5.3603,5.3603,5.3603,5.3603,5.3603,5.3603,5.3603,5.3603,5.3603,5.3603,5.3603,5.3603,5.3603,5.3603,5.3603
5.6138,5.6138,5.6138,5.6138,5.6138,5.6138,5.6138,5.6138,5.6138,5.6138,5.6138,5.6138,5.6138,5.6138,5.6138,5.6138,5.6138,5.6138,5.6138,5.6138
5.3247,5.3247,5.3247,5.3247,5.3247,5.3247,5.3247,5.3247,5.3247,5.3247,5.3247,5.3247,5.3247,5.3247,5.3247,5.3247,5.3247,5.3247,5.3247,5.3247
5.1338,5.1338,5.1338,5.1338,5.1338,5.1338,5.1338,5.1338,5.1338,5.1338,5.1338,5.1338,5.1338,5.1338,5.1338,5.1338,5.1338,5.1338,5.1338,5.1338
4.3749,4.3749,4.3749,4.3749,4.3749,4.3749,4.3749,4.3749,4.3749,4.3749,4.3749,4.3749,4.3749,4.3749,4.3749,4.3749,4.3749,4.3749,4.3749,4.3749
5.2306,5.2306,5.2306,5.2306,5.2306,5.2306,5.2306,5.2306,5.2306,5.2306,5.2306,5.2306,5.2306,5.2306,5.2306,5.2306,5.2306,5.2306,5.2306,5.2306
5.6163,5.6163,5.6163,5.6163,5.6163,5.6163,5.6163,5.6163,5.6163,5.6163,5.6163,5.6163,5.6163,5.6163,5.6163,5.6163,5.6163,5.6163,5.6163,5.6163
5.0676,5.0676,5.0676,5.0676,5.0676,5.0676,5.0676,5.0676,5.0676,5.0676,5.0676,5.0676,5.0676,5.0676,5.0676,5.0676,5.0676,5.0676,5.0676,5.0676
5.2599,5.2599,5.2599,5.2599,5.2599,5.2599,5.2599,5.2599,5.2599,5.2599,5.2599,5.2599,5.2599,5.2599,5.2599,5.2599,5.2599,5.2599,5.2599,5.2599
5.3317,5.3317,5.3317,5.3317,5.3317,5.3317,5.3317,5.3317,5.3317,5.3317,5.3317,5.3317,5.3317,5.3317,5.3317,5.3317,5.3317,5.3317,5.3317,5.3317
5.3573,5.3573,5.3573,5.3573,5.3573,5.3573,5.3573,5.3573,5.3573,5.3573,5.3573,5.3573,5.3573,5.3573,5.3573,5.3573,5.3573,5.3573,5.3573,5.3573
5.4279,5.4279,5.4279,5.4279,5.4279,5.4279,5.4279,5.4279,5.4279,5.4279,5.4279,5.4279,5.4279,5.4279,5.4279,5.4279,5.4279,5.4279,5.4279,5.4279
5.0241,5.0241,5.0241,5.0241,5.0241,5.0241,5.0241,5.0241,5.0241,5.0241,5.0241,5.0241,5.0241,5.0241,5.0241,5.0241,5.0241,5.0241,5.0241,5.0241
4.9367,4.9367,4.9367,4.9367,4.9367,4.9367,4.9367,4.9367,4.9367,4.9367,4.9367,4.9367,4.9367,4.9367,4.9367,4.9367,4.9367,4.9367,4.9367,4.9367
5.3219,5.3219,5.3219,5.3219,5.3219,5.3219,5.3219,5.3219,5.3219,5.3219,5.3219,5.3219,5.3219,5.3219,5.3219,5.3219,5.3219,5.3219,5.3219,5.3219
4.5606,4.5606,4.5606,4.5606,4.5606,4.5606,4.5606,4.5606,4.5606,4.5606,4.5606,4.5606,4.5606,4.5606,4.5606,4.5606,4.5606,4.5606,4.5606,4.5606
5.3548,5.3548,5.3548,5.3548,5.3548,5.3548,5.3548,5.3548,5.3548,5.3548,5.3548,5.3548,5.3548,5.3548,5.3548,5.3548,5.3548,5.3548,5.3548,5.3548
5.3093,5.3093,5.3093,5.3093,5.3093,5.3093,5.3093,5.3093,5.3093,5.3093,5.3093,5.3093,5.3093,5.3093,5.3093,5.3093,5.3093,5.3093,5.3093,5.3093
5.6643,5.6643,5.6643,5.6643,5.6643,5.6643,5.6643,5.6643,5.6643,5.6643,5.6643,5.6643,5.6643,5.6643,5.6643,5.6643,5.6643,5.6643,5.6643,5.6643
5.3714,5.3714,5.3714,5.3714,5.3714,5.3714,5.3714,5.3714,5.3714,5.3714,5.3714,5.3714,5.3714,5.3714,5.3714,5.3714,5.3714,5.3714,5.3714,5.3714
5.3674,5.3674,5.3674,5.3674,5.3674,5.3674,5.3674,5.3674,5.3674,5.3674,5.3674,5.3674,5.3674,5.3674,5.3674,5.3674,5.3674,5.3674,5.3674,5.3674
5.162,5.162,5.162,5.162,5.162,5.162,5.162,5.162,5.162,5.162,5.162,5.162,5.162,5.162,5.162,5.162,5.162,5.162,5.162,5.162
5.4773,5.4773,5.4773,5.4773,5.4773,5.4773,5.4773,5.4773,5.4773,5.4773,5.4773,5.4773,5.4773,5.4773,5.4773,5.4773,5.4773,5.4773,5.4773,5.4773
5.4735,5.4735,5.4735,5.4735,5.4735,5.4735,5.4735,5.4735,5.4735,5.4735,5.4735,5.4735,5.4735,5.4735,5.4735,5.4735,5.4735,5.4735,5.4735,5.4735
5.2374,5.2374,5.2374,5.2374,5.2374,5.2374,5.2374,5.2374,5.2374,5.2374,5.2374,5.2374,5.2374,5.2374,5.2374,5.2374,5.2374,5.2374,5.2374,5.2374
5.4212,5.4212,5.4212,5.4212,5.4212,5.4212,5.4212,5.4212,5.4212,5.4212,5.4212,5.4212,5.4212,5.4212,5.4212,5.4212,5.4212,5.4212,5.4212,5.4212
5.4487,5.4487,5.4487,5.4487,5.4487,5.4487,5.4487,5.4487,5.4487,5.4487,5.4487,5.4487,5.4487,5.4487,5.4487,5.4487,5.4487,5.4487,5.4487,5.4487
5.3462,5.3462,5.3462,5.3462,5.3462,5.3462,5.3462,5.3462,5.3462,5.3462,5.3462,5.3462,5.3462,5.3462,5.3462,5.3462,5.3462,5.3462,5.3462,5.3462
5.3486,5.3486,5.3486,5.3486,5.3486,5.3486,5.3486,5.3486,5.3486,5.3486,5.3486,5.3486,5.3486,5.3486,5.3486,5.3486,5.3486,5.3486,5.3486,5.3486
5.4249,5.4249,5.4249,5.4249,5.4249,5.4249,5.4249,5.4249,5.4249,5.4249,5.4249,5.4249,5.4249,5.4249,5.4249,5.4249,5.4249,5.4249,5.4249,5.4249
5.3099,5.3099,5.3099,5.3099,5.3099,5.3099,5.3099,5.3099,5.3099,5.3099,5.3099,5.3099,5.3099,5.3099,5.3099,5.3099,5.3099,5.3099,5.3099,5.3099
4.8648,4.8648,4.8648,4.8648,4.8648,4.8648,4.8648,4.8648,4.8648,4.8648,4.8648,4.8648,4.8648,4.8648,4.8648,4.8648,4.8648,4.8648,4.8648,4.8648
5.5158,5.5158,5.5158,5.5158,5.5158,5.5158,5.5158,5.5158,5.5158,5.5158,5.5158,5.5158,5.5158,5.5158,5.5158,5.5158,5.5158,5.5158,5.5158,5.5158
5.6093,5.6093,5.6093,5.6093,5.6093,5.6093,5.6093,5.6093,5.6093,5.6093,5.6093,5.6093,5.6093,5.6093,5.6093,5.6093,5.6093,5.6093,5.6093,5.6093
5.6806,5.6806,5.6806,5.6806,5.6806,5.6806,5.6806,5.6806,5.6806,5.6806,5.6806,5.6806,5.6806,5.6806,5.6806,5.6806,5.6806,5.6806,5.6806,5.6806
5.0942,5.0942,5.0942,5.0942,5.0942,5.0942,5.0942,5.0942,5.0942,5.0942,5.0942,5.0942,5.0942,5.0942,5.0942,5.0942,5.0942,5.0942,5.0942,5.0942
5.547,5.547,5.547,5.547,5.547,5.547,5.547,5.547,5.547,5.547,5.547,5.547,5.547,5.547,5.547,5.547,5.547,5.547,5.547,5.547
5.6028,5.6028,5.6028,5.6028,5.6028,5.6028,5.6028,5.6028,5.6028,5.6028,5.6028,5.6028,5.6028,5.6028,5.6028,5.6028,5.6028,5.6028,5.6028,5.6028
4.9576,4.9576,4.9576,4.9576,4.9576,4.9576,4.9576,4.9576,4.9576,4.9576,4.9576,4.9576,4.9576,4.9576,4.9576,4.9576,4.9576,4.9576,4.9576,4.9576
5.1904,5.1904,5.1904,5.1904,5.1904,5.1904,5.1904,5.1904,5.1904,5.1904,5.1904,5.1904,5.1904,5.1904,5.1904,5.1904,5.1904,5.1904,5.1904,5.1904
5.5838,5.5838,5.5838,5.5838,5.5838,5.5838,5.5838,5.5838,5.5838,5.5838,5.5838,5.5838,5.5838,5.5838,5.5838,5.5838,5.5838,5.5838,5.5838,5.5838
5.5135,5.5135,5.5135,5.5135,5.5135,5.5135,5.5135,5.5135,5.5135,5.5135,5.5135,5.5135,5.5135,5.5135,5.5135,5.5135,5.5135,5.5135,5.5135,5.5135
5.6806,5.6806,5.6806,5.6806,5.6806,5.6806,5.6806,5.6806,5.6806,5.6806,5.6806,5.6806,5.6806,5.6806,5.6806,5.6806,5.6806,5.6806,5.6806,5.6806
5.323,5.323,5.323,5.323,5.323,5.323,5.323,5.323,5.323,5.323,5.323,5.323,5.323,5.323,5.323,5.323,5.323,5.323,5.323,5.323
5.3107,5.3107,5.3107,5.3107,5.3107,5.3107,5.3107,5.3107,5.3107,5.3107,5.3107,5.3107,5.3107,5.3107,5.3107,5.3107,5.3107,5.3107,5.3107,5.3107
5.2303,5.2303,5.2303,5.2303,5.2303,5.2303,5.2303,5.2303,5.2303,5.2303,5.2303,5.2303,5.2303,5.2303,5.2303,5.2303,5.2303,5.2303,5.2303,5.2303
5.3249,5.3249,5.3249,5.3249,5.3249,5.3249,5.3249,5.3249,5.3249,5.3249,5.3249,5.3249,5.3249,5.3249,5.3249,5.3249,5.3249,5.3249,5.3249,5.3249
5.6806,5.6806,5.6806,5.6806,5.6806,5.6806,5.6806,5.6806,5.6806,5.6806,5.6806,5.6806,5.6806,5.6806,5.6806,5.6806,5.6806,5.6806,5.6806,5.6806
5.2751,5.2751,5.2751,5.2751,5.2751,5.2751,5.2751,5.2751,5.2751,5.2751,5.2751,5.2751,5.2751,5.2751,5.2751,5.2751,5.2751,5.2751,5.2751,5.2751
5.3582,5.3582,5.3582,5.3582,5.3582,5.3582,5.3582,5.3582,5.3582,5.3582,5.3582,5.3582,5.3582,5.3582,5.3582,5.3582,5.3582,5.3582,5.3582,5.3582
4.8427,4.8427,4.8427,4.8427,4.8427,4.8427,4.8427,4.8427,4.8427,4.8427,4.8427,4.8427,4.8427,4.8427,4.8427,4.8427,4.8427,4.8427,4.8427,4.8427
5.436,5.436,5.436,5.436,5.436,5.436,5.436,5.436,5.436,5.436,5.436,5.436,5.436,5.436,5.436,5.436,5.436,5.436,5.436,5.436
5.0969,5.0969,5.0969,5.0969,5.0969,5.0969,5.0969,5.0969,5.0969,5.0969,5.0969,5.0969,5.0969,5.0969,5.0969,5.0969,5.0969,5.0969,5.0969,5.0969
5.2073,5.2073,5.2073,5.2073,5.2073,5.2073,5.2073,5.2073,5.2073,5.2073,5.2073,5.2073,5.2073,5.2073,5.2073,5.2073,5.2073,5.2073,5.2073,5.2073
5.2083,5.2083,5.2083,5.2083,5.2083,5.2083,5.2083,5.2083,5.2083,5.2083,5.2083,5.2083,5.2083,5.2083,5.2083,5.2083,5.2083,5.2083,5.2083,5.2083
5.6806,5.6806,5.6806,5.6806,5.6806,5.6806,5.6806,5.6806,5.6806,5.6806,5.6806,5.6806,5.6806,5.6806,5.6806,5.6806,5.6806,5.6806,5.6806,5.6806
5.3871,5.3871,5.3871,5.3871,5.3871,5.3871,5.3871,5.3871,5.3871,5.3871,5.3871,5.3871,5.3871,5.3871,5.3871,5.3871,5.3871,5.3871,5.3871,5.3871
5.5638,5.5638,5.5638,5.5638,5.5638,5.5638,5.5638,5.5638,5.5638,5.5638,5.5638,5.5638,5.5638,5.5638,5.5638,5.5638,5.5638,5.5638,5.5638,5.5638
5.6806,5.6806,5.6806,5.6806,5.6806,5.6806,5.6806,5.6806,5.6806,5.6806,5.6806,5.6806,5.6806,5.6806,5.6806,5.6806,5.6806,5.6806,5.6806,5.6806
5.3392,5.3392,5.3392,5.3392,5.3392,5.3392,5.3392,5.3392,5.3392,5.3392,5.3392,5.3392,5.3392,5.3392,5.3392,5.3392,5.3392,5.3392,5.3392,5.3392
5.6806,5.6806,5.6806,5.6806,5.6806,5.6806,5.6806,5.6806,5.6806,5.6806,5.6806,5.6806,5.6806,5.6806,5.6806,5.6806,5.6806,5.6806,5.6806,5.6806
5.503,5.503,5.503,5.503,5.503,5.503,5.503,5.503,5.503,5.503,5.503,5.503,5.503,5.503,5.503,5.503,5.503,5.503,5.503,5.503
5.4443,5.4443,5.4443,5.4443,5.4443,5.4443,5.4443,5.4443,5.4443,5.4443,5.4443,5.4443,5.4443,5.4443,5.4443,5.4443,5.4443,5.4443,5.4443,5.4443
5.4249,5.4249,5.4249,5.4249,5.4249,5.4249,5.4249,5.4249,5.4249,5.4249,5.4249,5.4249,5.4249,5.4249,5.4249,5.4249,5.4249,5.4249,5.4249,5.4249
5.4536,5.4536,5.4536,5.4536,5.4536,5.4536,5.4536,5.4536,5.4536,5.4536,5.4536,5.4536,5.4536,5.4536,5.4536,5.4536,5.4536,5.4536,5.4536,5.4536
5.388,5.388,5.388,5.388,5.388,5.388,5.388,5.388,5.388,5.388,5.388,5.388,5.388,5.388,5.388,5.388,5.388,5.388,5.388,5.388
5.4851,5.4851,5.4851,5.4851,5.4851,5.4851,5.4851,5.4851,5.4851,5.4851,5.4851,5.4851,5.4851,5.4851,5.4851,5.4851,5.4851,5.4851,5.4851,5.4851
5.339,5.339,5.339,5.339,5.339,5.339,5.339,5.339,5.339,5.339,5.339,5.339,5.339,5.339,5.339,5.339,5.339,5.339,5.339,5.339
5.3617,5.3617,5.3617,5.3617,5.3617,5.3617,5.3617,5.3617,5.3617,5.3617,5.3617,5.3617,5.3617,5.3617,5.3617,5.3617,5.3617,5.3617,5.3617,5.3617
5.662,5.662,5.662,5.662,5.662,5.662,5.662,5.662,5.662,5.662,5.662,5.662,5.662,5.662,5.662,5.662,5.662,5.662,5.662,5.662
5.1828,5.1828,5.1828,5.1828,5.1828,5.1828,5.1828,5.1828,5.1828,5.1828,5.1828,5.1828,5.1828,5.1828,5.1828,5.1828,5.1828,5.1828,5.1828,5.1828
5.4152,5.4152,5.4152,5.4152,5.4152,5.4152,5.4152,5.4152,5.4152,5.4152,5.4152,5.4152,5.4152,5.4152,5.4152,5.4152,5.4152,5.4152,5.4152,5.4152
5.5844,5.5844,5.5844,5.5844,5.5844,5.5844,5.5844,5.5844,5.5844,5.5844,5.5844,5.5844,5.5844,5.5844,5.5844,5.5844,5.5844,5.5844,5.5844,5.5844
5.6806,5.6806,5.6806,5.6806,5.6806,5.6806,5.6806,5.6806,5.6806,5.6806,5.6806,5.6806,5.6806,5.6806,5.6806,5.6806,5.6806,5.6806,5.6806,5.6806
5.4071,5.4071,5.4071,5.4071,5.4071,5.4071,5.4071,5.4071,5.4071,5.4071,5.4071,5.4071,5.4071,5.4071,5.4071,5.4071,5.4071,5.4071,5.4071,5.4071
5.4831,5.4831,5.4831,5.4831,5.4831,5.4831,5.4831,5.4831,5.4831,5.4831,5.4831,5.4831,5.4831,5.4831,5.4831,5.4831,5.4831,5.4831,5.4831,5.4831
5.4378,5.4378,5.4378,5.4378,5.4378,5.4378,5.4378,5.4378,5.4378,5.4378,5.4378,5.4378,5.4378,5.4378,5.4378,5.4378,5.4378,5.4378,5.4378,5.4378
5.4043,5.4043,5.4043,5.4043,5.4043,5.4043,5.4043,5.4043,5.4043,5.4043,5.4043,5.4043,5.4043,5.4043,5.4043,5.4043,5.4043,5.4043,5.4043,5.4043
5.2635,5.2635,5.2635,5.2635,5.2635,5.2635,5.2635,5.2635,5.2635,5.2635,5.2635,5.2635,5.2635,5.2635,5.2635,5.2635,5.2635,5.2635,5.2635,5.2635
5.4293,5.4293,5.4293,5.4293,5.4293,5.4293,5.4293,5.4293,5.4293,5.4293,5.4293,5.4293,5.4293,5.4293,5.4293,5.4293,5.4293,5.4293,5.4293,5.4293
5.6332,5.6332,5.6332,5.6332,5.6332,5.6332,5.6332,5.6332,5.6332,5.6332,5.6332,5.6332,5.6332,5.6332,5.6332,5.6332,5.6332,5.6332,5.6332,5.6332
5.4712,5.4712,5.4712,5.4712,5.4712,5.4712,5.4712,5.4712,5.4712,5.4712,5.4712,5.4712,5.4712,5.4712,5.4712,5.4712,5.4712,5.4712,5.4712,5.4712
5.4716,5.4716,5.4716,5.4716,5.4716,5.4716,5.4716,5.4716,5.4716,5.4716,5.4716,5.4716,5.4716,5.4716,5.4716,5.4716,5.4716,5.4716,5.4716,5.4716
5.3131,5.3131,5.3131,5.3131,5.3131,5.3131,5.3131,5.3131,5.3131,5.3131,5.3131,5.3131,5.3131,5.3131,5.3131,5.3131,5.3131,5.3131,5.3131,5.3131
4.8951,4.8951,4.8951,4.8951,4.8951,4.8951,4.8951,4.8951,4.8951,4.8951,4.8951,4.8951,4.8951,4.8951,4.8951,4.8951,4.8951,4.8951,4.8951,4.8951
5.6806,5.6806,5.6806,5.6806,5.6806,5.6806,5.6806,5.6806,5.6806,5.6806,5.6806,5.6806,5.6806,5.6806,5.6806,5.6806,5.6806,5.6806,5.6806,5.6806
5.6741,5.6741,5.6741,5.6741,5.6741,5.6741,5.6741,5.6741,5.6741,5.6741,5.6741,5.6741,5.6741,5.6741,5.6741,5.6741,5.6741,5.6741,5.6741,5.6741
5.4459,5.4459,5.4459,5.4459,5.4459,5.4459,5.4459,5.4459,5.4459,5.4459,5.4459,5.4459,5.4459,5.4459,5.4459,5.4459,5.4459,5.4459,5.4459,5.4459
5.5545,5.5545,5.5545,5.5545,5.5545,5.5545,5.5545,5.5545,5.5545,5.5545,5.5545,5.5545,5.5545,5.5545,5.5545,5.5545,5.5545,5.5545,5.5545,5.5545
5.4504,5.4504,5.4504,5.4504,5.4504,5.4504,5.4504,5.4504,5.4504,5.4504,5.4504,5.4504,5.4504,5.4504,5.4504,5.4504,5.4504,5.4504,5.4504,5.4504
5.0744,5.0744,5.0744,5.0744,5.0744,5.0744,5.0744,5.0744,5.0744,5.0744,5.0744,5.0744,5.0744,5.0744,5.0744,5.0744,5.0744,5.0744,5.0744,5.0744
5.3201,5.3201,5.3201,5.3201,5.3201,5.3201,5.3201,5.3201,5.3201,5.3201,5.3201,5.3201,5.3201,5.3201,5.3201,5.3201,5.3201,5.3201,5.3201,5.3201
5.5382,5.5382,5.5382,5.5382,5.5382,5.5382,5.5382,5.5382,5.5382,5.5382,5.5382,5.5382,5.5382,5.5382,5.5382,5.5382,5.5382,5.5382,5.5382,5.5382
5.6175,5.6175,5.6175,5.6175,5.6175,5.6175,5.6175,5.6175,5.6175,5.6175,5.6175,5.6175,5.6175,5.6175,5.6175,5.6175,5.6175,5.6175,5.6175,5.6175
5.1582,5.1582,5.1582,5.1582,5.1582,5.1582,5.1582,5.1582,5.1582,5.1582,5.1582,5.1582,5.1582,5.1582,5.1582,5.1582,5.1582,5.1582,5.1582,5.1582
5.5377,5.5377,5.5377,5.5377,5.5377,5.5377,5.5377,5.5377,5.5377,5.5377,5.5377,5.5377,5.5377,5.5377,5.5377,5.5377,5.5377,5.5377,5.5377,5.5377
5.4178,5.4178,5.4178,5.4178,5.4178,5.4178,5.4178,5.4178,5.4178,5.4178,5.4178,5.4178,5.4178,5.4178,5.4178,5.4178,5.4178,5.4178,5.4178,5.4178
5.4888,5.4888,5.4888,5.4888,5.4888,5.4888,5.4888,5.4888,5.4888,5.4888,5.4888,5.4888,5.4888,5.4888,5.4888,5.4888,5.4888,5.4888,5.4888,5.4888
5.6806,5.6806,5.6806,5.6806,5.6806,5.6806,5.6806,5.6806,5.6806,5.6806,5.6806,5.6806,5.6806,5.6806,5.6806,5.6806,5.6806,5.6806,5.6806,5.6806
5.4667,5.4667,5.4667,5.4667,5.4667,5.4667,5.4667,5.4667,5.4667,5.4667,5.4667,5.4667,5.4667,5.4667,5.4667,5.4667,5.4667,5.4667,5.4667,5.4667
5.5583,5.5583,5.5583,5.5583,5.5583,5.5583,5.5583,5.5583,5.5583,5.5583,5.5583,5.5583,5.5583,5.5583,5.5583,5.5583,5.5583,5.5583,5.5583,5.5583
5.2777,5.2777,5.2777,5.2777,5.2777,5.2777,5.2777,5.2777,5.2777,5.2777,5.2777,5.2777,5.2777,5.2777,5.2777,5.2777,5.2777,5.2777,5.2777,5.2777
5.6271,5.6271,5.6271,5.6271,5.6271,5.6271,5.6271,5.6271,5.6271,5.6271,5.6271,5.6271,5.6271,5.6271,5.6271,5.6271,5.6271,5.6271,5.6271,5.6271
5.3927,5.3927,5.3927,5.3927,5.3927,5.3927,5.3927,5.3927,5.3927,5.3927,5.3927,5.3927,5.3927,5.3927,5.3927,5.3927,5.3927,5.3927,5.3927,5.3927
5.4331,5.4331,5.4331,5.4331,5.4331,5.4331,5.4331,5.4331,5.4331,5.4331,5.4331,5.4331,5.4331,5.4331,5.4331,5.4331,5.4331,5.4331,5.4331,5.4331
5.5747,5.5747,5.5747,5.5747,5.5747,5.5747,5.5747,5.5747,5.5747,5.5747,5.5747,5.5747,5.5747,5.5747,5.5747,5.5747,5.5747,5.5747,5.5747,5.5747
5.0776,5.0776,5.0776,5.0776,5.0776,5.0776,5.0776,5.0776,5.0776,5.0776,5.0776,5.0776,5.0776,5.0776,5.0776,5.0776,5.0776,5.0776,5.0776,5.0776
5.3257,5.3257,5.3257,5.3257,5.3257,5.3257,5.3257,5.3257,5.3257,5.3257,5.3257,5.3257,5.3257,5.3257,5.3257,5.3257,5.3257,5.3257,5.3257,5.3257
5.2073,5.2073,5.2073,5.2073,5.2073,5.2073,5.2073,5.2073,5.2073,5.2073,5.2073,5.2073,5.2073,5.2073,5.2073,5.2073,5.2073,5.2073,5.2073,5.2073
5.4242,5.4242,5.4242,5.4242,5.4242,5.4242,5.4242,5.4242,5.4242,5.4242,5.4242,5.4242,5.4242,5.4242,5.4242,5.4242,5.4242,5.4242,5.4242,5.4242
5.1794,5.1794,5.1794,5.1794,5.1794,5.1794,5.1794,5.1794,5.1794,5.1794,5.1794,5.1794,5.1794,5.1794,5.1794,5.1794,5.1794,5.1794,5.1794,5.1794
5.3669,5.3669,5.3669,5.3669,5.3669,5.3669,5.3669,5.3669,5.3669,5.3669,5.3669,5.3669,5.3669,5.3669,5.3669,5.3669,5.3669,5.3669,5.3669,5.3669
5.4664,5.4664,5.4664,5.4664,5.4664,5.4664,5.4664,5.4664,5.4664,5.4664,5.4664,5.4664,5.4664,5.4664,5.4664,5.4664,5.4664,5.4664,5.4664,5.4664
5.2067,5.2067,5.2067,5.2067,5.2067,5.2067,5.2067,5.2067,5.2067,5.2067,5.2067,5.2067,5.2067,5.2067,5.2067,5.2067,5.2067,5.2067,5.2067,5.2067
5.4571,5.4571,5.4571,5.4571,5.4571,5.4571,5.4571,5.4571,5.4571,5.4571,5.4571,5.4571,5.4571,5.4571,5.4571,5.4571,5.4571,5.4571,5.4571,5.4571
5.355,5.355,5.355,5.355,5.355,5.355,5.355,5.355,5.355,5.355,5.355,5.355,5.355,5.355,5.355,5.355,5.355,5.355,5.355,5.355
4.9567,4.9567,4.9567,4.9567,4.9567,4.9567,4.9567,4.9567,4.9567,4.9567,4.9567,4.9567,4.9567,4.9567,4.9567,4.9567,4.9567,4.9567,4.9567,4.9567
5.4306,5.4306,5.4306,5.4306,5.4306,5.4306,5.4306,5.4306,5.4306,5.4306,5.4306,5.4306,5.4306,5.4306,5.4306,5.4306,5.4306,5.4306,5.4306,5.4306
5.2188,5.2188,5.2188,5.2188,5.2188,5.2188,5.2188,5.2188,5.2188,5.2188,5.2188,5.2188,5.2188,5.2188,5.2188,5.2188,5.2188,5.2188,5.2188,5.2188
5.6545,5.6545,5.6545,5.6545,5.6545,5.6545,5.6545,5.6545,5.6545,5.6545,5.6545,5.6545,5.6545,5.6545,5.6545,5.6545,5.6545,5.6545,5.6545,5.6545
5.272,5.272,5.272,5.272,5.272,5.272,5.272,5.272,5.272,5.272,5.272,5.272,5.272,5.272,5.272,5.272,5.272,5.272,5.272,5.272
5.3756,5.3756,5.3756,5.3756,5.3756,5.3756,5.3756,5.3756,5.3756,5.3756,5.3756,5.3756,5.3756,5.3756,5.3756,5.3756,5.3756,5.3756,5.3756,5.3756
5.448,5.448,5.448,5.448,5.448,5.448,5.448,5.448,5.448,5.448,5.448,5.448,5.448,5.448,5.448,5.448,5.448,5.448,5.448,5.448
5.2077,5.2077,5.2077,5.2077,5.2077,5.2077,5.2077,5.2077,5.2077,5.2077,5.2077,5.2077,5.2077,5.2077,5.2077,5.2077,5.2077,5.2077,5.2077,5.2077
5.4384,5.4384,5.4384,5.4384,5.4384,5.4384,5.4384,5.4384,5.4384,5.4384,5.4384,5.4384,5.4384,5.4384,5.4384,5.4384,5.4384,5.4384,5.4384,5.4384
5.4341,5.4341,5.4341,5.4341,5.4341,5.4341,5.4341,5.4341,5.4341,5.4341,5.4341,5.4341,5.4341,5.4341,5.4341,5.4341,5.4341,5.4341,5.4341,5.4341
5.4681,5.4681,5.4681,5.4681,5.4681,5.4681,5.4681,5.4681,5.4681,5.4681,5.4681,5.4681,5.4681,5.4681,5.4681,5.4681,5.4681,5.4681,5.4681,5.4681
5.5835,5.5835,5.5835,5.5835,5.5835,5.5835,5.5835,5.5835,5.5835,5.5835,5.5835,5.5835,5.5835,5.5835,5.5835,5.5835,5.5835,5.5835,5.5835,5.5835
5.6232,5.6232,5.6232,5.6232,5.6232,5.6232,5.6232,5.6232,5.6232,5.6232,5.6232,5.6232,5.6232,5.6232,5.6232,5.6232,5.6232,5.6232,5.6232,5.6232
5.5911,5.5911,5.5911,5.5911,5.5911,5.5911,5.5911,5.5911,5.5911,5.5911,5.5911,5.5911,5.5911,5.5911,5.5911,5.5911,5.5911,5.5911,5.5911,5.5911
5.3149,5.3149,5.3149,5.3149,5.3149,5.3149,5.3149,5.3149,5.3149,5.3149,5.3149,5.3149,5.3149,5.3149,5.3149,5.3149,5.3149,5.3149,5.3149,5.3149
5.5238,5.5238,5.5238,5.5238,5.5238,5.5238,5.5238,5.5238,5.5238,5.5238,5.5238,5.5238,5.5238,5.5238,5.5238,5.5238,5.5238,5.5238,5.5238,5.5238
5.5729,5.5729,5.5729,5.5729,5.5729,5.5729,5.5729,5.5729,5.5729,5.5729,5.5729,5.5729,5.5729,5.5729,5.5729,5.5729,5.5729,5.5729,5.5729,5.5729
5.2062,5.2062,5.2062,5.2062,5.2062,5.2062,5.2062,5.2062,5.2062,5.2062,5.2062,5.2062,5.2062,5.2062,5.2062,5.2062,5.2062,5.2062,5.2062,5.2062
5.2924,5.2924,5.2924,5.2924,5.2924,5.2924,5.2924,5.2924,5.2924,5.2924,5.2924,5.2924,5.2924,5.2924,5.2924,5.2924,5.2924,5.2924,5.2924,5.2924
5.1118,5.1118,5.1118,5.1118,5.1118,5.1118,5.1118,5.1118,5.1118,5.1118,5.1118,5.1118,5.1118,5.1118,5.1118,5.1118,5.1118,5.1118,5.1118,5.1118
5.6806,5.6806,5.6806,5.6806,5.6806,5.6806,5.6806,5.6806,5.6806,5.6806,5.6806,5.6806,5.6806,5.6806,5.6806,5.6806,5.6806,5.6806,5.6806,5.6806
5.6521,5.6521,5.6521,5.6521,5.6521,5.6521,5.6521,5.6521,5.6521,5.6521,5.6521,5.6521,5.6521,5.6521,5.6521,5.6521,5.6521,5.6521,5.6521,5.6521
5.3319,5.3319,5.3319,5.3319,5.3319,5.3319,5.3319,5.3319,5.3319,5.3319,5.3319,5.3319,5.3319,5.3319,5.3319,5.3319,5.3319,5.3319,5.3319,5.3319
5.4041,5.4041,5.4041,5.4041,5.4041,5.4041,5.4041,5.4041,5.4041,5.4041,5.4041,5.4041,5.4041,5.4041,5.4041,5.4041,5.4041,5.4041,5.4041,5.4041
5.6578,5.6578,5.6578,5.6578,5.6578,5.6578,5.6578,5.6578,5.6578,5.6578,5.6578,5.6578,5.6578,5.6578,5.6578,5.6578,5.6578,5.6578,5.6578,5.6578
5.154,5.154,5.154,5.154,5.154,5.154,5.154,5.154,5.154,5.154,5.154,5.154,5.154,5.154,5.154,5.154,5.154,5.154,5.154,5.154
5.4027,5.4027,5.4027,5.4027,5.4027,5.4027,5.4027,5.4027,5.4027,5.4027,5.4027,5.4027,5.4027,5.4027,5.4027,5.4027,5.4027,5.4027,5.4027,5.4027
5.502,5.502,5.502,5.502,5.502,5.502,5.502,5.502,5.502,5.502,5.502,5.502,5.502,5.502,5.502,5.502,5.502,5.502,5.502,5.502
5.0827,5.0827,5.0827,5.0827,5.0827,5.0827,5.0827,5.0827,5.0827,5.0827,5.0827,5.0827,5.0827,5.0827,5.0827,5.0827,5.0827,5.0827,5.0827,5.0827
5.2087,5.2087,5.2087,5.2087,5.2087,5.2087,5.2087,5.2087,5.2087,5.2087,5.2087,5.2087,5.2087,5.2087,5.2087,5.2087,5.2087,5.2087,5.2087,5.2087
5.371,5.371,5.371,5.371,5.371,5.371,5.371,5.371,5.371,5.371,5.371,5.371,5.371,5.371,5.371,5.371,5.371,5.371,5.371,5.371
5.5327,5.5327,5.5327,5.5327,5.5327,5.5327,5.5327,5.5327,5.5327,5.5327,5.5327,5.5327,5.5327,5.5327,5.5327,5.5327,5.5327,5.5327,5.5327,5.5327
5.4169,5.4169,5.4169,5.4169,5.4169,5.4169,5.4169,5.4169,5.4169,5.4169,5.4169,5.4169,5.4169,5.4169,5.4169,5.4169,5.4169,5.4169,5.4169,5.4169
5.6806,5.6806,5.6806,5.6806,5.6806,5.6806,5.6806,5.6806,5.6806,5.6806,5.6806,5.6806,5.6806,5.6806,5.6806,5.6806,5.6806,5.6806,5.6806,5.6806
5.5637,5.5637,5.5637,5.5637,5.5637,5.5637,5.5637,5.5637,5.5637,5.5637,5.5637,5.5637,5.5637,5.5637,5.5637,5.5637,5.5637,5.5637,5.5637,5.5637
5.4801,5.4801,5.4801,5.4801,5.4801,5.4801,5.4801,5.4801,5.4801,5.4801,5.4801,5.4801,5.4801,5.4801,5.4801,5.4801,5.4801,5.4801,5.4801,5.4801
5.2713,5.2713,5.2713,5.2713,5.2713,5.2713,5.2713,5.2713,5.2713,5.2713,5.2713,5.2713,5.2713,5.2713,5.2713,5.2713,5.2713,5.2713,5.2713,5.2713
5.5144,5.5144,5.5144,5.5144,5.5144,5.5144,5.5144,5.5144,5.5144,5.5144,5.5144,5.5144,5.5144,5.5144,5.5144,5.5144,5.5144,5.5144,5.5144,5.5144
5.2688,5.2688,5.2688,5.2688,5.2688,5.2688,5.2688,5.2688,5.2688,5.2688,5.2688,5.2688,5.2688,5.2688,5.2688,5.2688,5.2688,5.2688,5.2688,5.2688
5.3199,5.3199,5.3199,5.3199,5.3199,5.3199,5.3199,5.3199,5.3199,5.3199,5.3199,5.3199,5.3199,5.3199,5.3199,5.3199,5.3199,5.3199,5.3199,5.3199
5.3288,5.3288,5.3288,5.3288,5.3288,5.3288,5.3288,5.3288,5.3288,5.3288,5.3288,5.3288,5.3288,5.3288,5.3288,5.3288,5.3288,5.3288,5.3288,5.3288
5.4771,5.4771,5.4771,5.4771,5.4771,5.4771,5.4771,5.4771,5.4771,5.4771,5.4771,5.4771,5.4771,5.4771,5.4771,5.4771,5.4771,5.4771,5.4771,5.4771
5.5848,5.5848,5.5848,5.5848,5.5848,5.5848,5.5848,5.5848,5.5848,5.5848,5.5848,5.5848,5.5848,5.5848,5.5848,5.5848,5.5848,5.5848,5.5848,5.5848
5.4397,5.4397,5.4397,5.4397,5.4397,5.4397,5.4397,5.4397,5.4397,5.4397,5.4397,5.4397,5.4397,5.4397,5.4397,5.4397,5.4397,5.4397,5.4397,5.4397
5.1215,5.1215,5.1215,5.1215,5.1215,5.1215,5.1215,5.1215,5.1215,5.1215,5.1215,5.1215,5.1215,5.1215,5.1215,5.1215,5.1215,5.1215,5.1215,5.1215
5.5742,5.5742,5.5742,5.5742,5.5742,5.5742,5.5742,5.5742,5.5742,5.5742,5.5742,5.5742,5.5742,5.5742,5.5742,5.5742,5.5742,5.5742,5.5742,5.5742
5.3411,5.3411,5.3411,5.3411,5.3411,5.3411,5.3411,5.3411,5.3411,5.3411,5.3411,5.3411,5.3411,5.3411,5.3411,5.3411,5.3411,5.3411,5.3411,5.3411
5.4482,5.4482,5.4482,5.4482,5.4482,5.4482,5.4482,5.4482,5.4482,5.4482,5.4482,5.4482,5.4482,5.4482,5.4482,5.4482,5.4482,5.4482,5.4482,5.4482
5.2983,5.2983,5.2983,5.2983,5.2983,5.2983,5.2983,5.2983,5.2983,5.2983,5.2983,5.2983,5.2983,5.2983,5.2983,5.2983,5.2983,5.2983,5.2983,5.2983
5.0376,5.0376,5.0376,5.0376,5.0376,5.0376,5.0376,5.0376,5.0376,5.0376,5.0376,5.0376,5.0376,5.0376,5.0376,5.0376,5.0376,5.0376,5.0376,5.0376
5.528,5.528,5.528,5.528,5.528,5.528,5.528,5.528,5.528,5.528,5.528,5.528,5.528,5.528,5.528,5.528,5.528,5.528,5.528,5.528
5.2748,5.2748,5.2748,5.2748,5.2748,5.2748,5.2748,5.2748,5.2748,5.2748,5.2748,5.2748,5.2748,5.2748,5.2748,5.2748,5.2748,5.2748,5.2748,5.2748
5.4523,5.4523,5.4523,5.4523,5.4523,5.4523,5.4523,5.4523,5.4523,5.4523,5.4523,5.4523,5.4523,5.4523,5.4523,5.4523,5.4523,5.4523,5.4523,5.4523
5.5462,5.5462,5.5462,5.5462,5.5462,5.5462,5.5462,5.5462,5.5462,5.5462,5.5462,5.5462,5.5462,5.5462,5.5462,5.5462,5.5462,5.5462,5.5462,5.5462
5.5136,5.5136,5.5136,5.5136,5.5136,5.5136,5.5136,5.5136,5.5136,5.5136,5.5136,5.5136,5.5136,5.5136,5.5136,5.5136,5.5136,5.5136,5.5136,5.5136
5.6806,5.6806,5.6806,5.6806,5.6806,5.6806,5.6806,5.6806,5.6806,5.6806,5.6806,5.6806,5.6806,5.6806,5.6806,5.6806,5.6806,5.6806,5.6806,5.6806
5.0775,5.0775,5.0775,5.0775,5.0775,5.0775,5.0775,5.0775,5.0775,5.0775,5.0775,5.0775,5.0775,5.0775,5.0775,5.0775,5.0775,5.0775,5.0775,5.0775
5.5019,5.5019,5.5019,5.5019,5.5019,5.5019,5.5019,5.5019,5.5019,5.5019,5.5019,5.5019,5.5019,5.5019,5.5019,5.5019,5.5019,5.5019,5.5019,5.5019
5.5555,5.5555,5.5555,5.5555,5.5555,5.5555,5.5555,5.5555,5.5555,5.5555,5.5555,5.5555,5.5555,5.5555,5.5555,5.5555,5.5555,5.5555,5.5555,5.5555
5.6806,5.6806,5.6806,5.6806,5.6806,5.6806,5.6806,5.6806,5.6806,5.6806,5.6806,5.6806,5.6806,5.6806,5.6806,5.6806,5.6806,5.6806,5.6806,5.6806
5.3064,5.3064,5.3064,5.3064,5.3064,5.3064,5.3064,5.3064,5.3064,5.3064,5.3064,5.3064,5.3064,5.3064,5.3064,5.3064,5.3064,5.3064,5.3064,5.3064
5.4555,5.4555,5.4555,5.4555,5.4555,5.4555,5.4555,5.4555,5.4555,5.4555,5.4555,5.4555,5.4555,5.4555,5.4555,5.4555,5.4555,5.4555,5.4555,5.4555
5.3129,5.3129,5.3129,5.3129,5.3129,5.3129,5.3129,5.3129,5.3129,5.3129,5.3129,5.3129,5.3129,5.3129,5.3129,5.3129,5.3129,5.3129,5.3129,5.3129
5.1255,5.1255,5.1255,5.1255,5.1255,5.1255,5.1255,5.1255,5.1255,5.1255,5.1255,5.1255,5.1255,5.1255,5.1255,5.1255,5.1255,5.1255,5.1255,5.1255
5.3491,5.3491,5.3491,5.3491,5.3491,5.3491,5.3491,5.3491,5.3491,5.3491,5.3491,5.3491,5.3491,5.3491,5.3491,5.3491,5.3491,5.3491,5.3491,5.3491
5.6787,5.6787,5.6787,5.6787,5.6787,5.6787,5.6787,5.6787,5.6787,5.6787,5.6787,5.6787,5.6787,5.6787,5.6787,5.6787,5.6787,5.6787,5.6787,5.6787
4.9039,4.9039,4.9039,4.9039,4.9039,4.9039,4.9039,4.9039,4.9039,4.9039,4.9039,4.9039,4.9039,4.9039,4.9039,4.9039,4.9039,4.9039,4.9039,4.9039
5.3281,5.3281,5.3281,5.3281,5.3281,5.3281,5.3281,5.3281,5.3281,5.3281,5.3281,5.3281,5.3281,5.3281,5.3281,5.3281,5.3281,5.3281,5.3281,5.3281
5.1559,5.1559,5.1559,5.1559,5.1559,5.1559,5.1559,5.1559,5.1559,5.1559,5.1559,5.1559,5.1559,5.1559,5.1559,5.1559,5.1559,5.1559,5.1559,5.1559
5.5,5.5,5.5,5.5,5.5,5.5,5.5,5.5,5.5,5.5,5.5,5.5,5.5,5.5,5.5,5.5,5.5,5.5,5.5,5.5
5.5496,5.5496,5.5496,5.5496,5.5496,5.5496,5.5496,5.5496,5.5496,5.5496,5.5496,5.5496,5.5496,5.5496,5.5496,5.5496,5.5496,5.5496,5.5496,5.5496
5.2619,5.2619,5.2619,5.2619,5.2619,5.2619,5.2619,5.2619,5.2619,5.2619,5.2619,5.2619,5.2619,5.2619,5.2619,5.2619,5.2619,5.2619,5.2619,5.2619
5.2905,5.2905,5.2905,5.2905,5.2905,5.2905,5.2905,5.2905,5.2905,5.2905,5.2905,5.2905,5.2905,5.2905,5.2905,5.2905,5.2905,5.2905,5.2905,5.2905
5.121,5.121,5.121,5.121,5.121,5.121,5.121,5.121,5.121,5.121,5.121,5.121,5.121,5.121,5.121,5.121,5.121,5.121,5.121,5.121
5.3787,5.3787,5.3787,5.3787,5.3787,5.3787,5.3787,5.3787,5.3787,5.3787,5.3787,5.3787,5.3787,5.3787,5.3787,5.3787,5.3787,5.3787,5.3787,5.3787
5.5964,5.5964,5.5964,5.5964,5.5964,5.5964,5.5964,5.5964,5.5964,5.5964,5.5964,5.5964,5.5964,5.5964,5.5964,5.5964,5.5964,5.5964,5.5964,5.5964
5.3874,5.3874,5.3874,5.3874,5.3874,5.3874,5.3874,5.3874,5.3874,5.3874,5.3874,5.3874,5.3874,5.3874,5.3874,5.3874,5.3874,5.3874,5.3874,5.3874
5.6559,5.6559,5.6559,5.6559,5.6559,5.6559,5.6559,5.6559,5.6559,5.6559,5.6559,5.6559,5.6559,5.6559,5.6559,5.6559,5.6559,5.6559,5.6559,5.6559
5.3679,5.3679,5.3679,5.3679,5.3679,5.3679,5.3679,5.3679,5.3679,5.3679,5.3679,5.3679,5.3679,5.3679,5.3679,5.3679,5.3679,5.3679,5.3679,5.3679
5.5122,5.5122,5.5122,5.5122,5.5122,5.5122,5.5122,5.5122,5.5122,5.5122,5.5122,5.5122,5.5122,5.5122,5.5122,5.5122,5.5122,5.5122,5.5122,5.5122
5.4876,5.4876,5.4876,5.4876,5.4876,5.4876,5.4876,5.4876,5.4876,5.4876,5.4876,5.4876,5.4876,5.4876,5.4876,5.4876,5.4876,5.4876,5.4876,5.4876
5.2818,5.2818,5.2818,5.2818,5.2818,5.2818,5.2818,5.2818,5.2818,5.2818,5.2818,5.2818,5.2818,5.2818,5.2818,5.2818,5.2818,5.2818,5.2818,5.2818
5.3257,5.3257,5.3257,5.3257,5.3257,5.3257,5.3257,5.3257,5.3257,5.3257,5.3257,5.3257,5.3257,5.3257,5.3257,5.3257,5.3257,5.3257,5.3257,5.3257
5.1714,5.1714,5.1714,5.1714,5.1714,5.1714,5.1714,5.1714,5.1714,5.1714,5.1714,5.1714,5.1714,5.1714,5.1714,5.1714,5.1714,5.1714,5.1714,5.1714
5.3565,5.3565,5.3565,5.3565,5.3565,5.3565,5.3565,5.3565,5.3565,5.3565,5.3565,5.3565,5.3565,5.3565,5.3565,5.3565,5.3565,5.3565,5.3565,5.3565
5.678,5.678,5.678,5.678,5.678,5.678,5.678,5.678,5.678,5.678,5.678,5.678,5.678,5.678,5.678,5.678,5.678,5.678,5.678,5.678
5.5916,5.5916,5.5916,5.5916,5.5916,5.5916,5.5916,5.5916,5.5916,5.5916,5.5916,5.5916,5.5916,5.5916,5.5916,5.5916,5.5916,5.5916,5.5916,5.5916
5.1225,5.1225,5.1225,5.1225,5.1225,5.1225,5.1225,5.1225,5.1225,5.1225,5.1225,5.1225,5.1225,5.1225,5.1225,5.1225,5.1225,5.1225,5.1225,5.1225
5.5599,5.5599,5.5599,5.5599,5.5599,5.5599,5.5599,5.5599,5.5599,5.5599,5.5599,5.5599,5.5599,5.5599,5.5599,5.5599,5.5599,5.5599,5.5599,5.5599
5.5432,5.5432,5.5432,5.5432,5.5432,5.5432,5.5432,5.5432,5.5432,5.5432,5.5432,5.5432,5.5432,5.5432,5.5432,5.5432,5.5432,5.5432,5.5432,5.5432
5.3984,5.3984,5.3984,5.3984,5.3984,5.3984,5.3984,5.3984,5.3984,5.3984,5.3984,5.3984,5.3984,5.3984,5.3984,5.3984,5.3984,5.3984,5.3984,5.3984
5.2009,5.2009,5.2009,5.2009,5.2009,5.2009,5.2009,5.2009,5.2009,5.2009,5.2009,5.2009,5.2009,5.2009,5.2009,5.2009,5.2009,5.2009,5.2009,5.2009
5.6691,5.6691,5.6691,5.6691,5.6691,5.6691,5.6691,5.6691,5.6691,5.6691,5.6691,5.6691,5.6691,5.6691,5.6691,5.6691,5.6691,5.6691,5.6691,5.6691
5.1051,5.1051,5.1051,5.1051,5.1051,5.1051,5.1051,5.1051,5.1051,5.1051,5.1051,5.1051,5.1051,5.1051,5.1051,5.1051,5.1051,5.1051,5.1051,5.1051
5.3865,5.3865,5.3865,5.3865,5.3865,5.3865,5.3865,5.3865,5.3865,5.3865,5.3865,5.3865,5.3865,5.3865,5.3865,5.3865,5.3865,5.3865,5.3865,5.3865
4.9636,4.9636,4.9636,4.9636,4.9636,4.9636,4.9636,4.9636,4.9636,4.9636,4.9636,4.9636,4.9636,4.9636,4.9636,4.9636,4.9636,4.9636,4.9636,4.9636
5.3709,5.3709,5.3709,5.3709,5.3709,5.3709,5.3709,5.3709,5.3709,5.3709,5.3709,5.3709,5.3709,5.3709,5.3709,5.3709,5.3709,5.3709,5.3709,5.3709
5.623,5.623,5.623,5.623,5.623,5.623,5.623,5.623,5.623,5.623,5.623,5.623,5.623,5.623,5.623,5.623,5.623,5.623,5.623,5.623
5.4904,5.4904,5.4904,5.4904,5.4904,5.4904,5.4904,5.4904,5.4904,5.4904,5.4904,5.4904,5.4904,5.4904,5.4904,5.4904,5.4904,5.4904,5.4904,5.4904
5.6162,5.6162,5.6162,5.6162,5.6162,5.6162,5.6162,5.6162,5.6162,5.6162,5.6162,5.6162,5.6162,5.6162,5.6162,5.6162,5.6162,5.6162,5.6162,5.6162
5.5135,5.5135,5.5135,5.5135,5.5135,5.5135,5.5135,5.5135,5.5135,5.5135,5.5135,5.5135,5.5135,5.5135,5.5135,5.5135,5.5135,5.5135,5.5135,5.5135
5.0278,5.0278,5.0278,5.0278,5.0278,5.0278,5.0278,5.0278,5.0278,5.0278,5.0278,5.0278,5.0278,5.0278,5.0278,5.0278,5.0278,5.0278,5.0278,5.0278
5.2488,5.2488,5.2488,5.2488,5.2488,5.2488,5.2488,5.2488,5.2488,5.2488,5.2488,5.2488,5.2488,5.2488,5.2488,5.2488,5.2488,5.2488,5.2488,5.2488
5.498,5.498,5.498,5.498,5.498,5.498,5.498,5.498,5.498,5.498,5.498,5.498,5.498,5.498,5.498,5.498,5.498,5.498,5.498,5.498
5.3643,5.3643,5.3643,5.3643,5.3643,5.3643,5.3643,5.3643,5.3643,5.3643,5.3643,5.3643,5.3643,5.3643,5.3643,5.3643,5.3643,5.3643,5.3643,5.3643
5.6806,5.6806,5.6806,5.6806,5.6806,5.6806,5.6806,5.6806,5.6806,5.6806,5.6806,5.6806,5.6806,5.6806,5.6806,5.6806,5.6806,5.6806,5.6806,5.6806
5.339,5.339,5.339,5.339,5.339,5.339,5.339,5.339,5.339,5.339,5.339,5.339,5.339,5.339,5.339,5.339,5.339,5.339,5.339,5.339
4.7166,4.7166,4.7166,4.7166,4.7166,4.7166,4.7166,4.7166,4.7166,4.7166,4.7166,4.7166,4.7166,4.7166,4.7166,4.7166,4.7166,4.7166,4.7166,4.7166
4.9718,4.9718,4.9718,4.9718,4.9718,4.9718,4.9718,4.9718,4.9718,4.9718,4.9718,4.9718,4.9718,4.9718,4.9718,4.9718,4.9718,4.9718,4.9718,4.9718
5.6269,5.6269,5.6269,5.6269,5.6269,5.6269,5.6269,5.6269,5.6269,5.6269,5.6269,5.6269,5.6269,5.6269,5.6269,5.6269,5.6269,5.6269,5.6269,5.6269
5.0441,5.0441,5.0441,5.0441,5.0441,5.0441,5.0441,5.0441,5.0441,5.0441,5.0441,5.0441,5.0441,5.0441,5.0441,5.0441,5.0441,5.0441,5.0441,5.0441
5.173,5.173,5.173,5.173,5.173,5.173,5.173,5.173,5.173,5.173,5.173,5.173,5.173,5.173,5.173,5.173,5.173,5.173,5.173,5.173
5.6806,5.6806,5.6806,5.6806,5.6806,5.6806,5.6806,5.6806,5.6806,5.6806,5.6806,5.6806,5.6806,5.6806,5.6806,5.6806,5.6806,5.6806,5.6806,5.6806
5.516,5.516,5.516,5.516,5.516,5.516,5.516,5.516,5.516,5.516,5.516,5.516,5.516,5.516,5.516,5.516,5.516,5.516,5.516,5.516
5.3527,5.3527,5.3527,5.3527,5.3527,5.3527,5.3527,5.3527,5.3527,5.3527,5.3527,5.3527,5.3527,5.3527,5.3527,5.3527,5.3527,5.3527,5.3527,5.3527
5.359,5.359,5.359,5.359,5.359,5.359,5.359,5.359,5.359,5.359,5.359,5.359,5.359,5.359,5.359,5.359,5.359,5.359,5.359,5.359
5.5506,5.5506,5.5506,5.5506,5.5506,5.5506,5.5506,5.5506,5.5506,5.5506,5.5506,5.5506,5.5506,5.5506,5.5506,5.5506,5.5506,5.5506,5.5506,5.5506
5.0322,5.0322,5.0322,5.0322,5.0322,5.0322,5.0322,5.0322,5.0322,5.0322,5.0322,5.0322,5.0322,5.0322,5.0322,5.0322,5.0322,5.0322,5.0322,5.0322
5.3086,5.3086,5.3086,5.3086,5.3086,5.3086,5.3086,5.3086,5.3086,5.3086,5.3086,5.3086,5.3086,5.3086,5.3086,5.3086,5.3086,5.3086,5.3086,5.3086
5.4372,5.4372,5.4372,5.4372,5.4372,5.4372,5.4372,5.4372,5.4372,5.4372,5.4372,5.4372,5.4372,5.4372,5.4372,5.4372,5.4372,5.4372,5.4372,5.4372
5.5698,5.5698,5.5698,5.5698,5.5698,5.5698,5.5698,5.5698,5.5698,5.5698,5.5698,5.5698,5.5698,5.5698,5.5698,5.5698,5.5698,5.5698,5.5698,5.5698
5.2602,5.2602,5.2602,5.2602,5.2602,5.2602,5.2602,5.2602,5.2602,5.2602,5.2602,5.2602,5.2602,5.2602,5.2602,5.2602,5.2602,5.2602,5.2602,5.2602
5.1802,5.1802,5.1802,5.1802,5.1802,5.1802,5.1802,5.1802,5.1802,5.1802,5.1802,5.1802,5.1802,5.1802,5.1802,5.1802,5.1802,5.1802,5.1802,5.1802
5.3287,5.3287,5.3287,5.3287,5.3287,5.3287,5.3287,5.3287,5.3287,5.3287,5.3287,5.3287,5.3287,5.3287,5.3287,5.3287,5.3287,5.3287,5.3287,5.3287
5.39,5.39,5.39,5.39,5.39,5.39,5.39,5.39,5.39,5.39,5.39,5.39,5.39,5.39,5.39,5.39,5.39,5.39,5.39,5.39
5.0704,5.0704,5.0704,5.0704,5.0704,5.0704,5.0704,5.0704,5.0704,5.0704,5.0704,5.0704,5.0704,5.0704,5.0704,5.0704,5.0704,5.0704,5.0704,5.0704
5.2625,5.2625,5.2625,5.2625,5.2625,5.2625,5.2625,5.2625,5.2625,5.2625,5.2625,5.2625,5.2625,5.2625,5.2625,5.2625,5.2625,5.2625,5.2625,5.2625
5.4718,5.4718,5.4718,5.4718,5.4718,5.4718,5.4718,5.4718,5.4718,5.4718,5.4718,5.4718,5.4718,5.4718,5.4718,5.4718,5.4718,5.4718,5.4718,5.4718
5.6806,5.6806,5.6806,5.6806,5.6806,5.6806,5.6806,5.6806,5.6806,5.6806,5.6806,5.6806,5.6806,5.6806,5.6806,5.6806,5.6806,5.6806,5.6806,5.6806
5.5975,5.5975,5.5975,5.5975,5.5975,5.5975,5.5975,5.5975,5.5975,5.5975,5.5975,5.5975,5.5975,5.5975,5.5975,5.5975,5.5975,5.5975,5.5975,5.5975
5.6806,5.6806,5.6806,5.6806,5.6806,5.6806,5.6806,5.6806,5.6806,5.6806,5.6806,5.6806,5.6806,5.6806,5.6806,5.6806,5.6806,5.6806,5.6806,5.6806
4.9694,4.9694,4.9694,4.9694,4.9694,4.9694,4.9694,4.9694,4.9694,4.9694,4.9694,4.9694,4.9694,4.9694,4.9694,4.9694,4.9694,4.9694,4.9694,4.9694
5.5479,5.5479,5.5479,5.5479,5.5479,5.5479,5.5479,5.5479,5.5479,5.5479,5.5479,5.5479,5.5479,5.5479,5.5479,5.5479,5.5479,5.5479,5.5479,5.5479
5.6493,5.6493,5.6493,5.6493,5.6493,5.6493,5.6493,5.6493,5.6493,5.6493,5.6493,5.6493,5.6493,5.6493,5.6493,5.6493,5.6493,5.6493,5.6493,5.6493
5.6122,5.6122,5.6122,5.6122,5.6122,5.6122,5.6122,5.6122,5.6122,5.6122,5.6122,5.6122,5.6122,5.6122,5.6122,5.6122,5.6122,5.6122,5.6122,5.6122
5.5452,5.5452,5.5452,5.5452,5.5452,5.5452,5.5452,5.5452,5.5452,5.5452,5.5452,5.5452,5.5452,5.5452,5.5452,5.5452,5.5452,5.5452,5.5452,5.5452
5.6738,5.6738,5.6738,5.6738,5.6738,5.6738,5.6738,5.6738,5.6738,5.6738,5.6738,5.6738,5.6738,5.6738,5.6738,5.6738,5.6738,5.6738,5.6738,5.6738
5.397,5.397,5.397,5.397,5.397,5.397,5.397,5.397,5.397,5.397,5.397,5.397,5.397,5.397,5.397,5.397,5.397,5.397,5.397,5.397
5.5574,5.5574,5.5574,5.5574,5.5574,5.5574,5.5574,5.5574,5.5574,5.5574,5.5574,5.5574,5.5574,5.5574,5.5574,5.5574,5.5574,5.5574,5.5574,5.5574
5.5005,5.5005,5.5005,5.5005,5.5005,5.5005,5.5005,5.5005,5.5005,5.5005,5.5005,5.5005,5.5005,5.5005,5.5005,5.5005,5.5005,5.5005,5.5005,5.5005
5.3346,5.3346,5.3346,5.3346,5.3346,5.3346,5.3346,5.3346,5.3346,5.3346,5.3346,5.3346,5.3346,5.3346,5.3346,5.3346,5.3346,5.3346,5.3346,5.3346
5.486,5.486,5.486,5.486,5.486,5.486,5.486,5.486,5.486,5.486,5.486,5.486,5.486,5.486,5.486,5.486,5.486,5.486,5.486,5.486
5.3369,5.3369,5.3369,5.3369,5.3369,5.3369,5.3369,5.3369,5.3369,5.3369,5.3369,5.3369,5.3369,5.3369,5.3369,5.3369,5.3369,5.3369,5.3369,5.3369
5.0239,5.0239,5.0239,5.0239,5.0239,5.0239,5.0239,5.0239,5.0239,5.0239,5.0239,5.0239,5.0239,5.0239,5.0239,5.0239,5.0239,5.0239,5.0239,5.0239
5.5864,5.5864,5.5864,5.5864,5.5864,5.5864,5.5864,5.5864,5.5864,5.5864,5.5864,5.5864,5.5864,5.5864,5.5864,5.5864,5.5864,5.5864,5.5864,5.5864
5.629,5.629,5.629,5.629,5.629,5.629,5.629,5.629,5.629,5.629,5.629,5.629,5.629,5.629,5.629,5.629,5.629,5.629,5.629,5.629
5.2064,5.2064,5.2064,5.2064,5.2064,5.2064,5.2064,5.2064,5.2064,5.2064,5.2064,5.2064,5.2064,5.2064,5.2064,5.2064,5.2064,5.2064,5.2064,5.2064
5.5617,5.5617,5.5617,5.5617,5.5617,5.5617,5.5617,5.5617,5.5617,5.5617,5.5617,5.5617,5.5617,5.5617,5.5617,5.5617,5.5617,5.5617,5.5617,5.5617
5.3954,5.3954,5.3954,5.3954,5.3954,5.3954,5.3954,5.3954,5.3954,5.3954,5.3954,5.3954,5.3954,5.3954,5.3954,5.3954,5.3954,5.3954,5.3954,5.3954
5.3694,5.3694,5.3694,5.3694,5.3694,5.3694,5.3694,5.3694,5.3694,5.3694,5.3694,5.3694,5.3694,5.3694,5.3694,5.3694,5.3694,5.3694,5.3694,5.3694
5.4685,5.4685,5.4685,5.4685,5.4685,5.4685,5.4685,5.4685,5.4685,5.4685,5.4685,5.4685,5.4685,5.4685,5.4685,5.4685,5.4685,5.4685,5.4685,5.4685
5.4497,5.4497,5.4497,5.4497,5.4497,5.4497,5.4497,5.4497,5.4497,5.4497,5.4497,5.4497,5.4497,5.4497,5.4497,5.4497,5.4497,5.4497,5.4497,5.4497
5.3062,5.3062,5.3062,5.3062,5.3062,5.3062,5.3062,5.3062,5.3062,5.3062,5.3062,5.3062,5.3062,5.3062,5.3062,5.3062,5.3062,5.3062,5.3062,5.3062
5.4368,5.4368,5.4368,5.4368,5.4368,5.4368,5.4368,5.4368,5.4368,5.4368,5.4368,5.4368,5.4368,5.4368,5.4368,5.4368,5.4368,5.4368,5.4368,5.4368
5.6464,5.6464,5.6464,5.6464,5.6464,5.6464,5.6464,5.6464,5.6464,5.6464,5.6464,5.6464,5.6464,5.6464,5.6464,5.6464,5.6464,5.6464,5.6464,5.6464
5.5775,5.5775,5.5775,5.5775,5.5775,5.5775,5.5775,5.5775,5.5775,5.5775,5.5775,5.5775,5.5775,5.5775,5.5775,5.5775,5.5775,5.5775,5.5775,5.5775
5.6493,5.6493,5.6493,5.6493,5.6493,5.6493,5.6493,5.6493,5.6493,5.6493,5.6493,5.6493,5.6493,5.6493,5.6493,5.6493,5.6493,5.6493,5.6493,5.6493
5.6528,5.6528,5.6528,5.6528,5.6528,5.6528,5.6528,5.6528,5.6528,5.6528,5.6528,5.6528,5.6528,5.6528,5.6528,5.6528,5.6528,5.6528,5.6528,5.6528
5.5158,5.5158,5.5158,5.5158,5.5158,5.5158,5.5158,5.5158,5.5158,5.5158,5.5158,5.5158,5.5158,5.5158,5.5158,5.5158,5.5158,5.5158,5.5158,5.5158
5.2321,5.2321,5.2321,5.2321,5.2321,5.2321,5.2321,5.2321,5.2321,5.2321,5.2321,5.2321,5.2321,5.2321,5.2321,5.2321,5.2321,5.2321,5.2321,5.2321
5.1446,5.1446,5.1446,5.1446,5.1446,5.1446,5.1446,5.1446,5.1446,5.1446,5.1446,5.1446,5.1446,5.1446,5.1446,5.1446,5.1446,5.1446,5.1446,5.1446
5.3713,5.3713,5.3713,5.3713,5.3713,5.3713,5.3713,5.3713,5.3713,5.3713,5.3713,5.3713,5.3713,5.3713,5.3713,5.3713,5.3713,5.3713,5.3713,5.3713
4.9356,4.9356,4.9356,4.9356,4.9356,4.9356,4.9356,4.9356,4.9356,4.9356,4.9356,4.9356,4.9356,4.9356,4.9356,4.9356,4.9356,4.9356,4.9356,4.9356
5.2994,5.2994,5.2994,5.2994,5.2994,5.2994,5.2994,5.2994,5.2994,5.2994,5.2994,5.2994,5.2994,5.2994,5.2994,5.2994,5.2994,5.2994,5.2994,5.2994
5.3977,5.3977,5.3977,5.3977,5.3977,5.3977,5.3977,5.3977,5.3977,5.3977,5.3977,5.3977,5.3977,5.3977,5.3977,5.3977,5.3977,5.3977,5.3977,5.3977
5.4662,5.4662,5.4662,5.4662,5.4662,5.4662,5.4662,5.4662,5.4662,5.4662,5.4662,5.4662,5.4662,5.4662,5.4662,5.4662,5.4662,5.4662,5.4662,5.4662
